00000000 1 56
00000001 1 69
00000000 2 66
00000001 2 20
00000002 2 22
00000003 2 96
00000000 4 83
00000001 4 67
00000002 4 22
00000003 4 33
00000004 4 51
00000005 4 52
00000006 4 25
00000007 4 88
00000008 4 82
00000009 4 15
0000000a 4 7
0000000b 4 34
0000000c 4 60
0000000d 4 100
0000000e 4 62
0000000f 4 54
00000000 8 64
00000001 8 99
00000002 8 77
00000003 8 41
00000004 8 94
00000005 8 15
00000006 8 88
00000007 8 17
00000008 8 100
00000009 8 26
0000000a 8 29
0000000b 8 59
0000000c 8 47
0000000d 8 82
0000000e 8 11
0000000f 8 53
00000010 8 90
00000011 8 60
00000012 8 39
00000013 8 26
00000014 8 73
00000015 8 72
00000016 8 17
00000017 8 86
00000018 8 83
00000019 8 14
0000001a 8 75
0000001b 8 63
0000001c 8 24
0000001d 8 16
0000001e 8 27
0000001f 8 53
00000020 8 42
00000021 8 39
00000022 8 81
00000023 8 73
00000024 8 70
00000025 8 54
00000026 8 61
00000027 8 76
00000028 8 4
00000029 8 84
0000002a 8 58
0000002b 8 3
0000002c 8 54
0000002d 8 58
0000002e 8 45
0000002f 8 5
00000030 8 3
00000031 8 71
00000032 8 18
00000033 8 99
00000034 8 29
00000035 8 30
00000036 8 44
00000037 8 10
00000038 8 6
00000039 8 43
0000003a 8 58
0000003b 8 76
0000003c 8 78
0000003d 8 80
0000003e 8 69
0000003f 8 34
00000040 8 32
00000041 8 98
00000042 8 7
00000043 8 91
00000044 8 36
00000045 8 46
00000046 8 79
00000047 8 88
00000048 8 12
00000049 8 25
0000004a 8 99
0000004b 8 13
0000004c 8 14
0000004d 8 91
0000004e 8 11
0000004f 8 71
00000050 8 31
00000051 8 1
00000052 8 30
00000053 8 28
00000054 8 86
00000055 8 27
00000056 8 18
00000057 8 25
00000058 8 33
00000059 8 35
0000005a 8 56
0000005b 8 51
0000005c 8 16
0000005d 8 55
0000005e 8 58
0000005f 8 83
00000060 8 76
00000061 8 45
00000062 8 91
00000063 8 37
00000064 8 55
00000065 8 15
00000066 8 1
00000067 8 28
00000068 8 88
00000069 8 59
0000006a 8 37
0000006b 8 36
0000006c 8 27
0000006d 8 82
0000006e 8 86
0000006f 8 56
00000070 8 97
00000071 8 61
00000072 8 45
00000073 8 17
00000074 8 19
00000075 8 100
00000076 8 70
00000077 8 52
00000078 8 6
00000079 8 21
0000007a 8 18
0000007b 8 32
0000007c 8 14
0000007d 8 29
0000007e 8 75
0000007f 8 30
00000080 8 4
00000081 8 40
00000082 8 34
00000083 8 82
00000084 8 42
00000085 8 22
00000086 8 92
00000087 8 56
00000088 8 64
00000089 8 58
0000008a 8 53
0000008b 8 73
0000008c 8 49
0000008d 8 18
0000008e 8 5
0000008f 8 13
00000090 8 45
00000091 8 62
00000092 8 71
00000093 8 62
00000094 8 69
00000095 8 85
00000096 8 67
00000097 8 71
00000098 8 46
00000099 8 99
0000009a 8 76
0000009b 8 35
0000009c 8 62
0000009d 8 20
0000009e 8 41
0000009f 8 28
000000a0 8 64
000000a1 8 2
000000a2 8 55
000000a3 8 42
000000a4 8 77
000000a5 8 49
000000a6 8 63
000000a7 8 1
000000a8 8 52
000000a9 8 28
000000aa 8 88
000000ab 8 85
000000ac 8 85
000000ad 8 90
000000ae 8 98
000000af 8 89
000000b0 8 5
000000b1 8 48
000000b2 8 28
000000b3 8 42
000000b4 8 61
000000b5 8 13
000000b6 8 27
000000b7 8 15
000000b8 8 50
000000b9 8 39
000000ba 8 22
000000bb 8 33
000000bc 8 35
000000bd 8 3
000000be 8 87
000000bf 8 10
000000c0 8 19
000000c1 8 31
000000c2 8 55
000000c3 8 22
000000c4 8 5
000000c5 8 42
000000c6 8 74
000000c7 8 25
000000c8 8 43
000000c9 8 95
000000ca 8 100
000000cb 8 60
000000cc 8 4
000000cd 8 43
000000ce 8 38
000000cf 8 40
000000d0 8 2
000000d1 8 54
000000d2 8 42
000000d3 8 43
000000d4 8 51
000000d5 8 3
000000d6 8 89
000000d7 8 44
000000d8 8 92
000000d9 8 22
000000da 8 17
000000db 8 45
000000dc 8 61
000000dd 8 62
000000de 8 68
000000df 8 33
000000e0 8 7
000000e1 8 90
000000e2 8 86
000000e3 8 58
000000e4 8 41
000000e5 8 35
000000e6 8 77
000000e7 8 85
000000e8 8 70
000000e9 8 85
000000ea 8 59
000000eb 8 25
000000ec 8 79
000000ed 8 3
000000ee 8 33
000000ef 8 48
000000f0 8 23
000000f1 8 98
000000f2 8 97
000000f3 8 45
000000f4 8 54
000000f5 8 47
000000f6 8 57
000000f7 8 50
000000f8 8 52
000000f9 8 52
000000fa 8 76
000000fb 8 60
000000fc 8 69
000000fd 8 34
000000fe 8 60
000000ff 8 92
