Digit: 0
0 0 0 0 0 0 0 0 0 0 0 0 0 0 0 0 0 0 0 0 0 0 0 0 0 0 0 0
0 0 0 0 0 0 0 0 0 0 0 0 0 0 0 0 0 0 0 0 0 0 0 0 0 0 0 0
0 0 0 0 0 0 0 0 0 0 0 0 0 0 0 0 0 0 0 0 0 0 0 0 0 0 0 0
0 0 0 0 0 0 0 0 0 0 0 0 0 0 0 0 0 0 0 0 0 0 0 0 0 0 0 0
0 0 0 0 0 0 0 0 0 0 0 0 0 0 0 0 0 0 0 0 0 0 0 0 0 0 0 0
0 0 0 0 0 0 0 0 0 0 18 91 91 35 30 202 254 254 254 122 91 12 0 0 0 0 0 0
0 0 0 0 0 0 0 0 0 9 169 253 253 208 204 253 253 253 253 253 253 189 85 1 0 0 0 0
0 0 0 0 0 0 0 0 0 124 253 253 253 253 253 253 253 253 253 253 253 253 253 15 0 0 0 0
0 0 0 0 0 0 0 0 48 224 253 253 253 253 253 253 240 220 220 247 253 253 253 37 0 0 0 0
0 0 0 0 0 0 0 0 197 253 253 253 253 253 253 169 80 0 0 106 194 253 253 215 44 0 0 0
0 0 0 0 0 0 4 119 244 253 253 253 240 204 150 13 0 0 0 9 155 253 253 253 89 0 0 0
0 0 0 0 0 0 108 253 253 253 253 253 97 0 0 0 0 0 0 42 253 253 253 253 89 0 0 0
0 0 0 0 0 24 199 253 253 253 208 24 3 0 0 0 0 0 0 42 253 253 253 253 89 0 0 0
0 0 0 0 0 35 208 253 253 253 103 0 0 0 0 0 0 0 0 142 253 253 253 207 35 0 0 0
0 0 0 0 0 248 251 253 253 253 40 0 0 0 0 0 0 0 113 252 253 253 253 126 0 0 0 0
0 0 0 0 0 142 253 253 253 253 153 4 0 0 0 0 0 7 45 222 253 253 253 122 0 0 0 0
0 0 0 0 0 154 253 253 253 205 154 70 0 0 0 0 39 214 253 253 253 253 253 15 0 0 0 0
0 0 0 0 0 254 253 253 212 33 0 0 0 0 0 23 214 253 253 253 253 231 132 4 0 0 0 0
0 0 0 0 0 254 253 253 56 0 0 0 0 0 113 209 253 253 253 253 253 32 0 0 0 0 0 0
0 0 0 0 0 122 253 253 56 0 0 23 84 205 252 253 253 253 234 185 48 6 0 0 0 0 0 0
0 0 0 0 0 91 253 253 56 0 26 198 253 253 253 253 253 240 67 0 0 0 0 0 0 0 0 0
0 0 0 0 0 234 253 253 123 222 228 253 253 253 253 251 131 29 0 0 0 0 0 0 0 0 0 0
0 0 0 0 0 255 253 253 253 253 253 253 253 253 253 245 0 0 0 0 0 0 0 0 0 0 0 0
0 0 0 0 0 180 232 253 253 253 253 253 253 253 181 67 0 0 0 0 0 0 0 0 0 0 0 0
0 0 0 0 0 0 75 253 253 253 253 253 210 89 3 0 0 0 0 0 0 0 0 0 0 0 0 0
0 0 0 0 0 0 0 0 0 0 0 0 0 0 0 0 0 0 0 0 0 0 0 0 0 0 0 0
0 0 0 0 0 0 0 0 0 0 0 0 0 0 0 0 0 0 0 0 0 0 0 0 0 0 0 0
0 0 0 0 0 0 0 0 0 0 0 0 0 0 0 0 0 0 0 0 0 0 0 0 0 0 0 0

Digit: 1
0 0 0 0 0 0 0 0 0 0 0 0 0 0 0 0 0 0 0 0 0 0 0 0 0 0 0 0
0 0 0 0 0 0 0 0 0 0 0 0 0 0 0 0 0 0 0 0 0 0 0 0 0 0 0 0
0 0 0 0 0 0 0 0 0 0 0 0 0 0 0 0 0 0 0 0 0 0 0 0 0 0 0 0
0 0 0 0 0 0 0 0 0 0 0 0 0 0 0 0 0 0 0 0 0 0 0 0 0 0 0 0
0 0 0 0 0 0 0 0 0 0 0 0 0 0 12 215 79 0 0 0 0 0 0 0 0 0 0 0
0 0 0 0 0 0 0 0 0 0 0 0 0 0 95 254 99 0 0 0 0 0 0 0 0 0 0 0
0 0 0 0 0 0 0 0 0 0 0 0 0 0 157 254 83 0 0 0 0 0 0 0 0 0 0 0
0 0 0 0 0 0 0 0 0 0 0 0 0 0 211 254 48 0 0 0 0 0 0 0 0 0 0 0
0 0 0 0 0 0 0 0 0 0 0 0 0 0 211 254 28 0 0 0 0 0 0 0 0 0 0 0
0 0 0 0 0 0 0 0 0 0 0 0 0 0 212 255 28 0 0 0 0 0 0 0 0 0 0 0
0 0 0 0 0 0 0 0 0 0 0 0 0 0 211 254 28 0 0 0 0 0 0 0 0 0 0 0
0 0 0 0 0 0 0 0 0 0 0 0 0 0 211 244 22 0 0 0 0 0 0 0 0 0 0 0
0 0 0 0 0 0 0 0 0 0 0 0 0 19 239 211 0 0 0 0 0 0 0 0 0 0 0 0
0 0 0 0 0 0 0 0 0 0 0 0 0 21 241 211 0 0 0 0 0 0 0 0 0 0 0 0
0 0 0 0 0 0 0 0 0 0 0 0 0 29 254 200 0 0 0 0 0 0 0 0 0 0 0 0
0 0 0 0 0 0 0 0 0 0 0 0 0 33 253 141 0 0 0 0 0 0 0 0 0 0 0 0
0 0 0 0 0 0 0 0 0 0 0 0 0 99 253 141 0 0 0 0 0 0 0 0 0 0 0 0
0 0 0 0 0 0 0 0 0 0 0 0 0 127 253 141 0 0 0 0 0 0 0 0 0 0 0 0
0 0 0 0 0 0 0 0 0 0 0 0 0 169 253 141 0 0 0 0 0 0 0 0 0 0 0 0
0 0 0 0 0 0 0 0 0 0 0 0 0 169 254 111 0 0 0 0 0 0 0 0 0 0 0 0
0 0 0 0 0 0 0 0 0 0 0 0 0 169 253 71 0 0 0 0 0 0 0 0 0 0 0 0
0 0 0 0 0 0 0 0 0 0 0 0 0 169 253 71 0 0 0 0 0 0 0 0 0 0 0 0
0 0 0 0 0 0 0 0 0 0 0 0 0 169 253 137 0 0 0 0 0 0 0 0 0 0 0 0
0 0 0 0 0 0 0 0 0 0 0 0 0 169 253 122 0 0 0 0 0 0 0 0 0 0 0 0
0 0 0 0 0 0 0 0 0 0 0 0 0 0 0 0 0 0 0 0 0 0 0 0 0 0 0 0
0 0 0 0 0 0 0 0 0 0 0 0 0 0 0 0 0 0 0 0 0 0 0 0 0 0 0 0
0 0 0 0 0 0 0 0 0 0 0 0 0 0 0 0 0 0 0 0 0 0 0 0 0 0 0 0
0 0 0 0 0 0 0 0 0 0 0 0 0 0 0 0 0 0 0 0 0 0 0 0 0 0 0 0

Digit: 2
0 0 0 0 0 0 0 0 0 0 0 0 0 0 0 0 0 0 0 0 0 0 0 0 0 0 0 0
0 0 0 0 0 0 0 0 0 0 0 0 0 0 0 0 0 0 0 0 0 0 0 0 0 0 0 0
0 0 0 0 0 0 0 0 0 0 0 0 0 0 0 0 0 0 0 0 0 0 0 0 0 0 0 0
0 0 0 0 0 0 0 0 0 0 0 0 0 13 38 14 0 0 0 0 0 0 0 0 0 0 0 0
0 0 0 0 0 0 0 0 0 0 0 36 143 208 253 124 0 0 0 0 0 0 0 0 0 0 0 0
0 0 0 0 0 0 0 0 0 4 122 237 253 253 253 247 96 0 0 0 0 0 0 0 0 0 0 0
0 0 0 0 0 0 0 0 4 212 253 253 253 253 253 253 177 3 0 0 0 0 0 0 0 0 0 0
0 0 0 0 0 0 0 0 87 253 253 253 253 253 253 253 253 97 0 0 0 0 0 0 0 0 0 0
0 0 0 0 0 0 0 0 63 253 253 248 154 27 27 172 253 128 0 0 0 0 0 0 0 0 0 0
0 0 0 0 0 0 0 0 5 205 205 63 0 0 0 96 253 232 0 0 0 0 0 0 0 0 0 0
0 0 0 0 0 0 0 0 0 0 0 0 0 0 0 92 253 232 0 0 0 0 0 0 0 0 0 0
0 0 0 0 0 0 0 0 0 0 0 0 0 0 0 110 253 232 0 0 0 0 0 0 0 0 0 0
0 0 0 0 0 0 0 0 0 0 0 0 0 0 0 124 253 232 0 0 0 0 0 0 0 0 0 0
0 0 0 0 0 0 0 0 0 0 0 0 0 0 0 162 253 192 0 0 0 0 0 0 0 0 0 0
0 0 0 0 0 0 0 0 0 0 0 11 18 0 25 248 253 115 0 0 0 0 0 0 0 0 0 0
0 0 0 0 0 0 9 93 168 168 168 208 237 168 210 253 253 41 0 0 0 0 0 34 136 50 0 0
0 0 0 0 0 0 127 253 253 253 253 253 253 253 253 253 253 229 206 206 206 159 206 232 253 145 0 0
0 0 0 0 0 0 250 253 253 253 253 253 253 253 253 253 253 253 253 253 253 253 253 253 253 238 0 0
0 0 0 0 0 0 254 253 252 188 237 253 253 253 253 253 253 253 253 253 253 253 253 253 253 118 0 0
0 0 0 0 0 0 254 253 253 211 243 253 253 253 106 43 82 150 150 150 150 177 212 194 75 7 0 0
0 0 0 0 0 0 148 253 253 253 253 253 247 101 1 0 0 0 0 0 0 2 3 2 0 0 0 0
0 0 0 0 0 0 44 174 253 253 253 190 102 0 0 0 0 0 0 0 0 0 0 0 0 0 0 0
0 0 0 0 0 0 0 12 37 37 37 4 0 0 0 0 0 0 0 0 0 0 0 0 0 0 0 0
0 0 0 0 0 0 0 0 0 0 0 0 0 0 0 0 0 0 0 0 0 0 0 0 0 0 0 0
0 0 0 0 0 0 0 0 0 0 0 0 0 0 0 0 0 0 0 0 0 0 0 0 0 0 0 0
0 0 0 0 0 0 0 0 0 0 0 0 0 0 0 0 0 0 0 0 0 0 0 0 0 0 0 0
0 0 0 0 0 0 0 0 0 0 0 0 0 0 0 0 0 0 0 0 0 0 0 0 0 0 0 0
0 0 0 0 0 0 0 0 0 0 0 0 0 0 0 0 0 0 0 0 0 0 0 0 0 0 0 0

Digit: 3
0 0 0 0 0 0 0 0 0 0 0 0 0 0 0 0 0 0 0 0 0 0 0 0 0 0 0 0
0 0 0 0 0 0 0 0 0 0 0 0 0 0 0 0 0 0 0 0 0 0 0 0 0 0 0 0
0 0 0 0 0 0 0 0 0 0 0 0 0 0 0 0 0 0 0 0 0 0 0 0 0 0 0 0
0 0 0 0 0 0 0 0 0 0 0 0 0 0 0 0 0 0 0 0 0 0 0 0 0 0 0 0
0 0 0 0 0 0 0 0 0 0 0 0 0 0 0 0 0 0 0 0 0 0 0 0 0 0 0 0
0 0 0 0 0 0 0 0 0 23 16 4 29 117 141 154 255 217 141 26 0 0 0 0 0 0 0 0
0 0 0 0 0 0 76 170 169 235 216 180 253 253 253 254 253 253 253 226 0 0 0 0 0 0 0 0
0 0 0 0 0 0 163 254 253 253 253 254 253 225 168 107 56 56 232 226 0 0 0 0 0 0 0 0
0 0 0 0 0 0 13 104 177 140 90 28 28 19 0 0 0 127 250 226 0 0 0 0 0 0 0 0
0 0 0 0 0 0 0 0 0 0 0 0 0 0 0 0 7 205 254 102 0 0 0 0 0 0 0 0
0 0 0 0 0 0 0 0 0 0 0 0 0 0 0 19 188 253 177 0 0 0 0 0 0 0 0 0
0 0 0 0 0 0 0 0 0 0 0 0 0 0 38 154 253 187 43 0 0 0 0 0 0 0 0 0
0 0 0 0 0 0 0 0 0 0 0 0 0 89 226 254 177 31 0 0 0 0 0 0 0 0 0 0
0 0 0 0 0 0 0 0 0 0 13 92 166 254 242 151 0 0 0 0 0 0 0 0 0 0 0 0
0 0 0 0 0 0 0 0 0 0 114 254 253 253 90 0 0 0 0 0 0 0 0 0 0 0 0 0
0 0 0 0 0 0 0 0 0 0 76 179 253 253 229 186 29 0 0 0 0 0 0 0 0 0 0 0
0 0 0 0 0 0 0 0 0 0 0 4 53 229 253 254 235 50 0 0 0 0 0 0 0 0 0 0
0 0 0 0 0 0 0 0 0 0 0 0 0 0 51 180 254 254 91 0 0 0 0 0 0 0 0 0
0 0 0 0 0 0 0 0 0 0 0 0 0 0 0 10 110 241 216 26 0 0 0 0 0 0 0 0
0 0 0 0 0 0 0 0 0 0 0 0 0 0 0 0 0 160 253 151 0 0 0 0 0 0 0 0
0 0 0 0 0 0 0 0 0 0 0 0 0 0 0 0 0 86 253 176 0 0 0 0 0 0 0 0
0 0 0 0 0 38 227 243 141 141 28 0 0 0 0 0 19 205 254 102 0 0 0 0 0 0 0 0
0 0 0 0 0 0 38 147 209 253 216 158 57 38 0 70 226 253 177 0 0 0 0 0 0 0 0 0
0 0 0 0 0 0 0 0 13 144 206 254 253 235 198 254 253 149 31 0 0 0 0 0 0 0 0 0
0 0 0 0 0 0 0 0 0 0 13 91 165 253 253 242 65 6 0 0 0 0 0 0 0 0 0 0
0 0 0 0 0 0 0 0 0 0 0 0 0 0 0 0 0 0 0 0 0 0 0 0 0 0 0 0
0 0 0 0 0 0 0 0 0 0 0 0 0 0 0 0 0 0 0 0 0 0 0 0 0 0 0 0
0 0 0 0 0 0 0 0 0 0 0 0 0 0 0 0 0 0 0 0 0 0 0 0 0 0 0 0

Digit: 4
0 0 0 0 0 0 0 0 0 0 0 0 0 0 0 0 0 0 0 0 0 0 0 0 0 0 0 0
0 0 0 0 0 0 0 0 0 0 0 0 0 0 0 0 0 0 0 0 0 0 0 0 0 0 0 0
0 0 0 0 0 0 0 0 0 0 0 0 0 0 0 0 0 0 0 0 0 0 0 0 0 0 0 0
0 0 0 0 0 0 0 0 0 0 0 0 0 0 0 0 0 0 0 0 0 0 0 0 0 0 0 0
0 0 0 0 0 0 0 0 0 0 0 0 0 0 0 0 0 0 0 0 0 0 0 0 0 0 0 0
0 0 0 0 0 0 0 0 0 0 0 0 0 0 0 0 0 0 0 0 51 174 239 81 0 0 0 0
0 0 0 0 0 0 0 0 0 0 0 0 0 0 0 0 0 0 0 129 254 249 156 18 0 0 0 0
0 0 0 0 0 0 0 0 0 0 0 0 0 0 0 0 0 0 92 250 251 81 0 0 0 0 0 0
0 0 0 0 0 0 0 0 0 0 0 0 0 0 0 0 0 12 195 253 124 0 0 0 0 0 0 0
0 0 0 0 0 0 0 0 0 0 0 0 0 0 0 0 0 123 253 178 5 0 0 0 0 0 0 0
0 0 0 0 0 0 0 0 0 0 0 0 0 0 0 0 52 239 250 64 0 0 0 0 0 0 0 0
0 0 0 0 0 0 0 0 0 0 0 4 26 0 0 17 198 247 92 0 0 0 0 0 0 0 0 0
0 0 0 0 0 0 0 0 0 15 108 212 244 66 0 150 253 140 0 0 0 0 0 0 0 0 0 0
0 0 0 0 0 0 8 64 133 227 254 253 206 49 90 254 215 31 0 0 0 0 92 108 0 0 0 0
0 0 0 0 0 10 220 253 253 253 254 208 23 40 243 254 152 80 80 105 110 218 250 164 0 0 0 0
0 0 0 0 0 5 139 223 252 254 255 254 254 254 254 255 254 246 238 238 179 80 15 0 0 0 0 0
0 0 0 0 0 0 0 0 56 137 172 225 253 253 208 88 63 32 0 0 0 0 0 0 0 0 0 0
0 0 0 0 0 0 0 0 0 0 3 124 253 191 23 0 0 0 0 0 0 0 0 0 0 0 0 0
0 0 0 0 0 0 0 0 0 0 81 253 191 4 0 0 0 0 0 0 0 0 0 0 0 0 0 0
0 0 0 0 0 0 0 0 0 25 249 198 8 0 0 0 0 0 0 0 0 0 0 0 0 0 0 0
0 0 0 0 0 0 0 0 24 219 244 65 0 0 0 0 0 0 0 0 0 0 0 0 0 0 0 0
0 0 0 0 0 0 0 6 186 243 40 0 0 0 0 0 0 0 0 0 0 0 0 0 0 0 0 0
0 0 0 0 0 0 6 185 253 95 0 0 0 0 0 0 0 0 0 0 0 0 0 0 0 0 0 0
0 0 0 0 0 0 146 253 197 7 0 0 0 0 0 0 0 0 0 0 0 0 0 0 0 0 0 0
0 0 0 0 0 15 249 238 27 0 0 0 0 0 0 0 0 0 0 0 0 0 0 0 0 0 0 0
0 0 0 0 0 0 0 0 0 0 0 0 0 0 0 0 0 0 0 0 0 0 0 0 0 0 0 0
0 0 0 0 0 0 0 0 0 0 0 0 0 0 0 0 0 0 0 0 0 0 0 0 0 0 0 0
0 0 0 0 0 0 0 0 0 0 0 0 0 0 0 0 0 0 0 0 0 0 0 0 0 0 0 0

Digit: 5
0 0 0 0 0 0 0 0 0 0 0 0 0 0 0 0 0 0 0 0 0 0 0 0 0 0 0 0
0 0 0 0 0 0 0 0 0 0 0 0 0 0 0 0 0 0 0 0 0 0 0 0 0 0 0 0
0 0 0 0 0 0 0 0 0 0 0 0 0 0 0 0 0 0 0 0 0 0 0 0 0 0 0 0
0 0 0 0 0 0 0 0 0 0 0 0 0 0 0 0 0 0 0 0 0 0 0 0 0 0 0 0
0 0 0 0 0 0 0 0 0 0 0 0 0 0 0 0 0 0 0 0 0 0 0 0 0 0 0 0
0 0 0 0 0 0 0 0 0 0 0 0 0 0 0 0 0 0 0 0 0 0 45 150 90 0 0 0
0 0 0 0 0 0 0 0 0 0 0 0 0 0 0 75 2 0 89 126 197 197 246 253 192 0 0 0
0 0 0 0 0 0 0 0 0 0 0 0 0 16 122 252 244 244 253 253 253 253 237 194 67 0 0 0
0 0 0 0 0 0 0 0 0 0 0 0 21 199 253 253 253 253 253 228 170 101 37 0 0 0 0 0
0 0 0 0 0 0 0 0 0 0 0 2 167 253 248 187 22 20 20 14 0 0 0 0 0 0 0 0
0 0 0 0 0 0 0 0 0 0 0 46 253 252 102 0 0 0 0 0 0 0 0 0 0 0 0 0
0 0 0 0 0 0 0 0 0 0 5 213 253 199 0 0 0 0 0 0 0 0 0 0 0 0 0 0
0 0 0 0 0 0 0 0 0 32 160 253 253 216 166 127 2 0 0 0 0 0 0 0 0 0 0 0
0 0 0 0 0 0 0 0 0 217 253 253 253 253 253 253 214 54 0 0 0 0 0 0 0 0 0 0
0 0 0 0 0 0 0 0 0 191 217 111 98 98 120 222 253 165 0 0 0 0 0 0 0 0 0 0
0 0 0 0 0 0 0 0 0 6 16 0 0 0 0 20 250 199 6 0 0 0 0 0 0 0 0 0
0 0 0 0 0 0 0 0 0 0 0 0 0 0 0 0 249 253 15 0 0 0 0 0 0 0 0 0
0 0 0 0 0 0 0 0 0 0 0 0 0 0 0 41 251 253 15 0 0 0 0 0 0 0 0 0
0 0 0 0 0 135 55 2 0 0 0 0 0 0 0 53 252 206 7 0 0 0 0 0 0 0 0 0
0 0 0 0 0 255 253 85 0 0 0 0 0 0 16 189 253 165 0 0 0 0 0 0 0 0 0 0
0 0 0 0 0 237 253 240 112 0 0 0 0 0 61 253 250 67 0 0 0 0 0 0 0 0 0 0
0 0 0 0 0 16 188 253 227 84 0 0 17 113 222 253 184 0 0 0 0 0 0 0 0 0 0 0
0 0 0 0 0 0 14 194 253 235 188 121 227 253 251 203 17 0 0 0 0 0 0 0 0 0 0 0
0 0 0 0 0 0 0 14 127 249 253 253 239 196 114 0 0 0 0 0 0 0 0 0 0 0 0 0
0 0 0 0 0 0 0 0 0 53 149 101 35 0 0 0 0 0 0 0 0 0 0 0 0 0 0 0
0 0 0 0 0 0 0 0 0 0 0 0 0 0 0 0 0 0 0 0 0 0 0 0 0 0 0 0
0 0 0 0 0 0 0 0 0 0 0 0 0 0 0 0 0 0 0 0 0 0 0 0 0 0 0 0
0 0 0 0 0 0 0 0 0 0 0 0 0 0 0 0 0 0 0 0 0 0 0 0 0 0 0 0

Digit: 6
0 0 0 0 0 0 0 0 0 0 0 0 0 0 0 0 0 0 0 0 0 0 0 0 0 0 0 0
0 0 0 0 0 0 0 0 0 0 0 0 0 0 0 0 0 0 0 0 0 0 0 0 0 0 0 0
0 0 0 0 0 0 0 0 0 0 0 0 0 0 0 0 0 0 0 0 37 139 255 224 44 0 0 0
0 0 0 0 0 0 0 0 0 0 0 0 0 0 0 0 0 0 18 164 251 253 223 42 21 0 0 0
0 0 0 0 0 0 0 0 0 0 0 0 0 0 0 0 0 68 229 253 179 179 102 0 0 0 0 0
0 0 0 0 0 0 0 0 0 0 0 0 0 0 0 0 35 197 253 176 4 0 0 0 0 0 0 0
0 0 0 0 0 0 0 0 0 0 0 0 0 0 6 105 240 212 147 13 0 0 0 0 0 0 0 0
0 0 0 0 0 0 0 0 0 0 0 0 0 4 120 253 205 20 0 0 0 0 0 0 0 0 0 0
0 0 0 0 0 0 0 0 0 0 0 0 0 87 253 253 54 0 0 0 0 0 0 0 0 0 0 0
0 0 0 0 0 0 0 0 0 0 0 0 54 190 253 128 13 0 0 0 0 0 0 0 0 0 0 0
0 0 0 0 0 0 0 0 0 0 0 24 246 253 132 8 0 0 0 0 0 0 0 0 0 0 0 0
0 0 0 0 0 0 0 0 0 0 0 227 253 198 8 0 0 0 0 0 0 0 0 0 0 0 0 0
0 0 0 0 0 0 0 0 0 16 173 248 253 82 0 0 0 0 0 0 0 0 0 0 0 0 0 0
0 0 0 0 0 0 0 0 0 53 253 252 144 4 0 0 0 0 0 0 0 0 0 0 0 0 0 0
0 0 0 0 0 0 0 0 76 219 253 217 0 0 0 0 0 0 0 0 0 0 0 0 0 0 0 0
0 0 0 0 0 0 0 0 26 253 253 222 19 98 197 136 137 206 134 19 0 0 0 0 0 0 0 0
0 0 0 0 0 0 0 0 64 253 253 253 246 253 242 236 236 253 253 162 2 0 0 0 0 0 0 0
0 0 0 0 0 0 0 20 149 253 253 253 241 106 46 29 69 250 253 253 38 0 0 0 0 0 0 0
0 0 0 0 0 0 0 76 253 253 253 244 35 0 0 0 0 192 253 253 119 0 0 0 0 0 0 0
0 0 0 0 0 0 0 67 222 253 253 253 161 33 86 141 180 253 253 253 12 0 0 0 0 0 0 0
0 0 0 0 0 0 0 0 4 225 253 253 253 253 253 253 253 253 207 141 3 0 0 0 0 0 0 0
0 0 0 0 0 0 0 0 0 23 119 100 166 253 154 214 168 90 13 0 0 0 0 0 0 0 0 0
0 0 0 0 0 0 0 0 0 0 0 0 0 0 0 0 0 0 0 0 0 0 0 0 0 0 0 0
0 0 0 0 0 0 0 0 0 0 0 0 0 0 0 0 0 0 0 0 0 0 0 0 0 0 0 0
0 0 0 0 0 0 0 0 0 0 0 0 0 0 0 0 0 0 0 0 0 0 0 0 0 0 0 0
0 0 0 0 0 0 0 0 0 0 0 0 0 0 0 0 0 0 0 0 0 0 0 0 0 0 0 0
0 0 0 0 0 0 0 0 0 0 0 0 0 0 0 0 0 0 0 0 0 0 0 0 0 0 0 0
0 0 0 0 0 0 0 0 0 0 0 0 0 0 0 0 0 0 0 0 0 0 0 0 0 0 0 0

Digit: 7
0 0 0 0 0 0 0 0 0 0 0 0 0 0 0 0 0 0 0 0 0 0 0 0 0 0 0 0
0 0 0 0 0 0 0 0 0 0 0 0 0 0 0 0 0 0 0 0 0 0 0 0 0 0 0 0
0 0 0 0 0 0 0 0 0 0 0 0 0 0 0 0 0 0 0 0 0 0 0 0 0 0 0 0
0 0 0 0 0 0 0 0 0 0 0 0 0 0 0 0 0 0 0 0 0 0 0 0 0 0 0 0
0 0 0 0 0 0 0 0 0 0 0 0 0 0 0 0 0 0 0 0 0 0 0 0 0 0 0 0
0 0 0 0 0 0 0 0 0 0 0 0 0 0 0 0 0 0 0 0 0 0 0 0 0 0 0 0
0 0 0 0 0 0 0 0 0 0 0 0 0 0 0 0 0 0 0 0 0 0 0 0 0 0 0 0
0 0 0 0 0 0 0 0 3 24 17 0 0 13 45 138 233 253 127 0 0 0 0 0 0 0 0 0
0 0 0 0 0 0 60 161 170 252 227 161 161 212 252 252 252 252 234 17 0 0 0 0 0 0 0 0
0 0 0 0 0 0 93 252 253 252 252 252 252 253 252 252 252 252 253 92 0 0 0 0 0 0 0 0
0 0 0 0 0 0 17 150 161 219 252 252 252 253 210 185 194 252 245 58 0 0 0 0 0 0 0 0
0 0 0 0 0 0 0 0 0 15 22 22 22 23 12 6 93 252 230 0 0 0 0 0 0 0 0 0
0 0 0 0 0 0 0 0 0 0 0 0 0 0 0 0 208 253 231 0 0 0 0 0 0 0 0 0
0 0 0 0 0 0 0 0 0 0 0 0 0 0 0 13 215 252 209 0 0 0 0 0 0 0 0 0
0 0 0 0 0 0 0 0 0 0 0 0 0 0 0 101 252 252 84 0 0 0 0 0 0 0 0 0
0 0 0 0 0 0 0 0 0 0 0 0 0 0 38 240 252 157 0 0 0 0 0 0 0 0 0 0
0 0 0 0 0 0 0 0 0 0 0 0 0 0 47 252 252 137 0 0 0 0 0 0 0 0 0 0
0 0 0 0 0 0 0 0 0 0 0 0 0 3 170 253 245 21 0 0 0 0 0 0 0 0 0 0
0 0 0 0 0 0 0 0 0 0 0 0 0 97 252 252 87 0 0 0 0 0 0 0 0 0 0 0
0 0 0 0 0 0 0 0 0 0 0 0 0 138 252 233 33 0 0 0 0 0 0 0 0 0 0 0
0 0 0 0 0 0 0 0 0 0 0 0 0 233 252 141 0 0 0 0 0 0 0 0 0 0 0 0
0 0 0 0 0 0 0 0 0 0 0 0 158 253 252 69 0 0 0 0 0 0 0 0 0 0 0 0
0 0 0 0 0 0 0 0 0 0 0 9 233 255 196 0 0 0 0 0 0 0 0 0 0 0 0 0
0 0 0 0 0 0 0 0 0 0 13 122 252 253 92 0 0 0 0 0 0 0 0 0 0 0 0 0
0 0 0 0 0 0 0 0 0 0 70 252 252 236 25 0 0 0 0 0 0 0 0 0 0 0 0 0
0 0 0 0 0 0 0 0 0 0 70 252 252 135 0 0 0 0 0 0 0 0 0 0 0 0 0 0
0 0 0 0 0 0 0 0 0 0 7 158 252 11 0 0 0 0 0 0 0 0 0 0 0 0 0 0
0 0 0 0 0 0 0 0 0 0 0 0 0 0 0 0 0 0 0 0 0 0 0 0 0 0 0 0

Digit: 8
0 0 0 0 0 0 0 0 0 0 0 0 0 0 0 0 0 0 0 0 0 0 0 0 0 0 0 0
0 0 0 0 0 0 0 0 0 0 0 0 0 0 0 0 0 0 0 0 0 0 0 0 0 0 0 0
0 0 0 0 0 0 0 0 0 0 0 0 0 0 0 0 0 0 0 0 0 0 0 0 0 0 0 0
0 0 0 0 0 0 0 0 0 0 0 0 0 0 0 0 0 0 0 0 0 0 0 0 0 0 0 0
0 0 0 0 0 0 0 0 0 0 0 0 0 0 0 0 0 0 0 0 0 0 0 0 0 0 0 0
0 0 0 0 0 0 0 0 0 0 0 0 0 0 0 0 4 118 70 0 0 0 0 0 0 0 0 0
0 0 0 0 53 0 0 0 0 0 0 0 0 0 0 0 7 254 247 235 235 137 37 0 0 0 0 0
0 0 0 0 22 0 0 0 0 0 0 0 0 63 21 0 5 216 254 230 197 254 218 35 0 0 0 0
0 0 0 0 0 0 0 0 0 0 0 0 69 243 210 68 0 30 61 42 15 167 254 221 0 0 0 0
0 0 0 0 0 0 0 0 0 0 0 0 91 254 254 108 0 0 0 0 43 186 254 254 0 0 0 0
0 0 0 0 0 0 0 0 0 0 0 0 91 254 254 227 0 0 0 58 177 254 253 165 0 0 0 0
0 0 0 0 0 0 0 0 0 0 0 0 44 230 254 227 0 65 131 238 254 254 162 0 0 0 0 0
0 0 0 0 0 0 0 0 0 0 0 0 0 73 254 254 249 252 254 254 227 47 3 0 0 0 0 0
0 0 0 0 0 0 0 0 0 0 0 0 0 70 254 254 254 254 169 164 50 0 0 0 0 0 0 0
0 0 0 0 0 0 0 0 0 0 0 68 119 220 254 254 254 153 3 0 0 0 0 0 0 0 0 0
0 0 0 0 0 0 0 0 0 37 187 253 254 254 254 254 254 130 0 0 0 0 0 0 0 0 0 0
0 0 0 0 0 0 0 7 47 219 254 254 245 115 210 255 250 46 0 0 0 0 0 0 0 0 0 0
0 0 0 0 0 0 0 60 254 254 254 187 71 0 187 254 248 0 0 0 0 0 0 0 0 0 0 0
0 0 0 0 0 0 0 194 254 248 130 3 0 34 220 254 248 0 0 0 0 0 0 0 0 0 0 0
0 0 0 0 0 0 32 218 254 110 0 0 0 126 254 243 72 0 0 0 0 0 0 0 0 0 0 0
0 0 0 0 0 0 77 254 254 103 0 0 79 248 254 227 0 0 0 0 0 0 0 0 0 0 0 0
0 0 0 0 0 0 58 240 254 139 63 123 220 254 243 97 0 0 0 0 0 0 0 0 0 0 0 0
0 0 0 0 0 0 0 171 254 254 254 254 254 254 109 0 0 0 0 0 0 0 0 0 0 0 0 0
0 0 0 0 0 0 0 21 115 234 234 234 185 96 26 0 0 0 0 0 0 0 0 0 0 0 0 0
0 0 0 0 0 0 0 0 0 0 0 0 0 0 0 0 0 0 0 0 0 0 0 0 0 0 0 0
0 0 0 0 0 0 0 0 0 0 0 0 0 0 0 0 0 0 0 0 0 0 0 0 0 0 0 0
0 0 0 0 0 0 0 0 0 0 0 0 0 0 0 0 0 0 0 0 0 0 0 0 0 0 0 0
0 0 0 0 0 0 0 0 0 0 0 0 0 0 0 0 0 0 0 0 0 0 0 0 0 0 0 0

Digit: 9
0 0 0 0 0 0 0 0 0 0 0 0 0 0 0 0 0 0 0 0 0 0 0 0 0 0 0 0
0 0 0 0 0 0 0 0 0 0 0 0 0 0 0 0 0 0 0 0 0 0 0 0 0 0 0 0
0 0 0 0 0 0 0 0 0 0 0 0 0 0 0 0 0 0 0 0 0 0 0 0 0 0 0 0
0 0 0 0 0 0 0 0 0 0 0 0 0 0 0 0 0 0 0 0 0 0 0 0 0 0 0 0
0 0 0 0 0 0 0 0 0 0 0 0 0 0 0 0 0 0 0 0 0 0 0 0 0 0 0 0
0 0 0 0 0 0 0 0 0 0 0 0 0 0 0 0 0 0 0 0 0 0 0 0 0 0 0 0
0 0 0 0 0 0 0 0 0 0 0 71 121 0 0 0 39 191 96 0 0 0 0 0 0 0 0 0
0 0 0 0 0 0 0 0 23 108 192 248 253 242 69 0 81 253 222 34 0 0 0 0 0 0 0 0
0 0 0 0 0 0 0 61 233 253 253 253 253 254 242 23 81 253 253 199 0 0 0 0 0 0 0 0
0 0 0 0 0 0 26 197 253 253 253 206 173 174 117 34 206 253 253 213 0 0 0 0 0 0 0 0
0 0 0 0 0 0 187 253 253 243 102 22 0 0 0 129 253 253 253 213 0 0 0 0 0 0 0 0
0 0 0 0 0 0 214 253 253 114 0 0 0 0 52 233 253 253 253 213 0 0 0 0 0 0 0 0
0 0 0 0 0 65 241 253 216 25 0 0 0 105 249 253 253 253 253 213 0 0 0 0 0 0 0 0
0 0 0 0 0 94 253 253 205 27 27 105 161 254 253 253 253 253 253 213 0 0 0 0 0 0 0 0
0 0 0 0 0 40 231 253 253 253 253 253 253 254 253 248 251 253 253 213 0 0 0 0 0 0 0 0
0 0 0 0 0 0 214 253 253 253 253 253 253 254 196 76 214 253 253 213 0 0 0 0 0 0 0 0
0 0 0 0 0 0 0 107 223 255 254 248 134 72 0 95 254 254 254 214 0 0 0 0 0 0 0 0
0 0 0 0 0 0 0 0 9 13 13 12 0 0 0 94 253 253 253 213 0 0 0 0 0 0 0 0
0 0 0 0 0 0 0 0 0 0 0 0 0 0 0 94 253 253 253 213 0 0 0 0 0 0 0 0
0 0 0 0 0 0 0 0 0 0 0 0 0 0 0 94 253 253 253 213 0 0 0 0 0 0 0 0
0 0 0 0 0 0 0 0 0 0 0 0 0 0 0 94 253 253 253 213 0 0 0 0 0 0 0 0
0 0 0 0 0 0 0 0 0 0 0 0 0 0 0 94 253 253 253 213 0 0 0 0 0 0 0 0
0 0 0 0 0 0 0 0 0 0 0 0 0 0 0 94 253 253 253 213 0 0 0 0 0 0 0 0
0 0 0 0 0 0 0 0 0 0 0 0 0 0 0 94 253 253 253 199 0 0 0 0 0 0 0 0
0 0 0 0 0 0 0 0 0 0 0 0 0 0 0 94 253 253 222 34 0 0 0 0 0 0 0 0
0 0 0 0 0 0 0 0 0 0 0 0 0 0 0 45 233 218 95 0 0 0 0 0 0 0 0 0
0 0 0 0 0 0 0 0 0 0 0 0 0 0 0 0 0 0 0 0 0 0 0 0 0 0 0 0
0 0 0 0 0 0 0 0 0 0 0 0 0 0 0 0 0 0 0 0 0 0 0 0 0 0 0 0

