00000000 1 92
00000001 1 31
00000000 4 99
00000001 4 91
00000002 4 95
00000003 4 80
00000004 4 89
00000005 4 12
00000006 4 23
00000007 4 81
00000008 4 6
00000009 4 40
0000000a 4 43
0000000b 4 88
0000000c 4 1
0000000d 4 70
0000000e 4 76
0000000f 4 33
00000000 8 45
00000001 8 65
00000002 8 46
00000003 8 84
00000004 8 47
00000005 8 92
00000006 8 54
00000007 8 76
00000008 8 7
00000009 8 28
0000000a 8 73
0000000b 8 47
0000000c 8 41
0000000d 8 36
0000000e 8 34
0000000f 8 15
00000010 8 19
00000011 8 42
00000012 8 10
00000013 8 9
00000014 8 20
00000015 8 19
00000016 8 71
00000017 8 14
00000018 8 99
00000019 8 18
0000001a 8 7
0000001b 8 9
0000001c 8 9
0000001d 8 35
0000001e 8 14
0000001f 8 33
00000020 8 16
00000021 8 74
00000022 8 63
00000023 8 29
00000024 8 22
00000025 8 3
00000026 8 94
00000027 8 37
00000028 8 45
00000029 8 57
0000002a 8 27
0000002b 8 9
0000002c 8 95
0000002d 8 12
0000002e 8 56
0000002f 8 62
00000030 8 45
00000031 8 8
00000032 8 74
00000033 8 50
00000034 8 76
00000035 8 8
00000036 8 86
00000037 8 6
00000038 8 99
00000039 8 92
0000003a 8 31
0000003b 8 17
0000003c 8 83
0000003d 8 94
0000003e 8 41
0000003f 8 8
00000040 8 15
00000041 8 11
00000042 8 37
00000043 8 26
00000044 8 24
00000045 8 15
00000046 8 61
00000047 8 60
00000048 8 42
00000049 8 73
0000004a 8 98
0000004b 8 99
0000004c 8 9
0000004d 8 55
0000004e 8 42
0000004f 8 84
00000050 8 18
00000051 8 47
00000052 8 50
00000053 8 98
00000054 8 29
00000055 8 17
00000056 8 15
00000057 8 91
00000058 8 92
00000059 8 26
0000005a 8 97
0000005b 8 66
0000005c 8 95
0000005d 8 85
0000005e 8 24
0000005f 8 54
00000060 8 81
00000061 8 7
00000062 8 6
00000063 8 62
00000064 8 17
00000065 8 27
00000066 8 9
00000067 8 66
00000068 8 79
00000069 8 63
0000006a 8 75
0000006b 8 94
0000006c 8 24
0000006d 8 80
0000006e 8 54
0000006f 8 83
00000070 8 71
00000071 8 23
00000072 8 25
00000073 8 36
00000074 8 83
00000075 8 17
00000076 8 76
00000077 8 38
00000078 8 11
00000079 8 79
0000007a 8 69
0000007b 8 66
0000007c 8 10
0000007d 8 5
0000007e 8 11
0000007f 8 60
00000080 8 22
00000081 8 96
00000082 8 62
00000083 8 34
00000084 8 3
00000085 8 87
00000086 8 37
00000087 8 29
00000088 8 69
00000089 8 65
0000008a 8 84
0000008b 8 5
0000008c 8 16
0000008d 8 22
0000008e 8 81
0000008f 8 79
00000090 8 88
00000091 8 13
00000092 8 48
00000093 8 14
00000094 8 62
00000095 8 90
00000096 8 40
00000097 8 60
00000098 8 43
00000099 8 26
0000009a 8 30
0000009b 8 85
0000009c 8 35
0000009d 8 97
0000009e 8 35
0000009f 8 69
000000a0 8 2
000000a1 8 81
000000a2 8 45
000000a3 8 72
000000a4 8 86
000000a5 8 66
000000a6 8 48
000000a7 8 57
000000a8 8 22
000000a9 8 91
000000aa 8 8
000000ab 8 73
000000ac 8 75
000000ad 8 97
000000ae 8 5
000000af 8 50
000000b0 8 7
000000b1 8 40
000000b2 8 2
000000b3 8 84
000000b4 8 51
000000b5 8 46
000000b6 8 40
000000b7 8 95
000000b8 8 76
000000b9 8 43
000000ba 8 48
000000bb 8 88
000000bc 8 32
000000bd 8 53
000000be 8 61
000000bf 8 69
000000c0 8 50
000000c1 8 66
000000c2 8 44
000000c3 8 56
000000c4 8 87
000000c5 8 70
000000c6 8 59
000000c7 8 7
000000c8 8 73
000000c9 8 61
000000ca 8 16
000000cb 8 55
000000cc 8 82
000000cd 8 57
000000ce 8 35
000000cf 8 25
000000d0 8 36
000000d1 8 56
000000d2 8 1
000000d3 8 30
000000d4 8 43
000000d5 8 92
000000d6 8 63
000000d7 8 3
000000d8 8 95
000000d9 8 63
000000da 8 79
000000db 8 65
000000dc 8 25
000000dd 8 27
000000de 8 37
000000df 8 2
000000e0 8 95
000000e1 8 54
000000e2 8 52
000000e3 8 83
000000e4 8 83
000000e5 8 88
000000e6 8 36
000000e7 8 90
000000e8 8 42
000000e9 8 91
000000ea 8 32
000000eb 8 79
000000ec 8 40
000000ed 8 54
000000ee 8 51
000000ef 8 77
000000f0 8 74
000000f1 8 54
000000f2 8 87
000000f3 8 15
000000f4 8 69
000000f5 8 91
000000f6 8 28
000000f7 8 19
000000f8 8 57
000000f9 8 43
000000fa 8 55
000000fb 8 87
000000fc 8 67
000000fd 8 89
000000fe 8 30
000000ff 8 24
