00000000 1 39
00000001 1 73
00000000 2 89
00000001 2 52
00000002 2 92
00000003 2 75
00000000 4 63
00000001 4 62
00000002 4 64
00000003 4 66
00000004 4 55
00000005 4 2
00000006 4 20
00000007 4 36
00000008 4 80
00000009 4 47
0000000a 4 87
0000000b 4 66
0000000c 4 14
0000000d 4 35
0000000e 4 7
0000000f 4 18
00000000 8 54
00000001 8 65
00000002 8 5
00000003 8 27
00000004 8 77
00000005 8 42
00000006 8 11
00000007 8 18
00000008 8 57
00000009 8 70
0000000a 8 49
0000000b 8 79
0000000c 8 96
0000000d 8 26
0000000e 8 64
0000000f 8 14
00000010 8 66
00000011 8 69
00000012 8 2
00000013 8 23
00000014 8 47
00000015 8 68
00000016 8 83
00000017 8 71
00000018 8 79
00000019 8 18
0000001a 8 47
0000001b 8 26
0000001c 8 52
0000001d 8 5
0000001e 8 36
0000001f 8 4
00000020 8 4
00000021 8 68
00000022 8 39
00000023 8 63
00000024 8 43
00000025 8 86
00000026 8 3
00000027 8 13
00000028 8 9
00000029 8 1
0000002a 8 58
0000002b 8 13
0000002c 8 45
0000002d 8 42
0000002e 8 67
0000002f 8 28
00000030 8 71
00000031 8 26
00000032 8 88
00000033 8 93
00000034 8 98
00000035 8 58
00000036 8 50
00000037 8 68
00000038 8 34
00000039 8 55
0000003a 8 53
0000003b 8 55
0000003c 8 50
0000003d 8 48
0000003e 8 54
0000003f 8 70
00000040 8 9
00000041 8 77
00000042 8 78
00000043 8 25
00000044 8 92
00000045 8 2
00000046 8 92
00000047 8 14
00000048 8 5
00000049 8 43
0000004a 8 11
0000004b 8 14
0000004c 8 14
0000004d 8 36
0000004e 8 28
0000004f 8 18
00000050 8 84
00000051 8 43
00000052 8 61
00000053 8 23
00000054 8 5
00000055 8 70
00000056 8 71
00000057 8 57
00000058 8 44
00000059 8 78
0000005a 8 75
0000005b 8 12
0000005c 8 52
0000005d 8 31
0000005e 8 16
0000005f 8 78
00000060 8 70
00000061 8 89
00000062 8 31
00000063 8 60
00000064 8 62
00000065 8 32
00000066 8 9
00000067 8 67
00000068 8 33
00000069 8 9
0000006a 8 63
0000006b 8 82
0000006c 8 31
0000006d 8 9
0000006e 8 42
0000006f 8 64
00000070 8 30
00000071 8 42
00000072 8 100
00000073 8 94
00000074 8 95
00000075 8 32
00000076 8 51
00000077 8 37
00000078 8 23
00000079 8 54
0000007a 8 86
0000007b 8 87
0000007c 8 20
0000007d 8 93
0000007e 8 29
0000007f 8 14
00000080 8 80
00000081 8 85
00000082 8 16
00000083 8 70
00000084 8 90
00000085 8 70
00000086 8 10
00000087 8 94
00000088 8 91
00000089 8 13
0000008a 8 53
0000008b 8 68
0000008c 8 14
0000008d 8 51
0000008e 8 94
0000008f 8 31
00000090 8 85
00000091 8 79
00000092 8 26
00000093 8 68
00000094 8 75
00000095 8 44
00000096 8 61
00000097 8 41
00000098 8 38
00000099 8 28
0000009a 8 30
0000009b 8 58
0000009c 8 84
0000009d 8 88
0000009e 8 23
0000009f 8 3
000000a0 8 91
000000a1 8 37
000000a2 8 54
000000a3 8 66
000000a4 8 94
000000a5 8 7
000000a6 8 19
000000a7 8 53
000000a8 8 71
000000a9 8 74
000000aa 8 36
000000ab 8 22
000000ac 8 96
000000ad 8 33
000000ae 8 94
000000af 8 99
000000b0 8 73
000000b1 8 12
000000b2 8 22
000000b3 8 35
000000b4 8 16
000000b5 8 68
000000b6 8 8
000000b7 8 27
000000b8 8 58
000000b9 8 33
000000ba 8 2
000000bb 8 10
000000bc 8 16
000000bd 8 61
000000be 8 50
000000bf 8 58
000000c0 8 68
000000c1 8 45
000000c2 8 61
000000c3 8 6
000000c4 8 13
000000c5 8 47
000000c6 8 93
000000c7 8 4
000000c8 8 59
000000c9 8 100
000000ca 8 22
000000cb 8 36
000000cc 8 48
000000cd 8 73
000000ce 8 47
000000cf 8 43
000000d0 8 74
000000d1 8 58
000000d2 8 32
000000d3 8 38
000000d4 8 48
000000d5 8 93
000000d6 8 76
000000d7 8 1
000000d8 8 51
000000d9 8 40
000000da 8 94
000000db 8 23
000000dc 8 27
000000dd 8 25
000000de 8 53
000000df 8 12
000000e0 8 36
000000e1 8 39
000000e2 8 20
000000e3 8 11
000000e4 8 62
000000e5 8 19
000000e6 8 60
000000e7 8 4
000000e8 8 36
000000e9 8 88
000000ea 8 5
000000eb 8 39
000000ec 8 27
000000ed 8 61
000000ee 8 84
000000ef 8 94
000000f0 8 72
000000f1 8 41
000000f2 8 11
000000f3 8 99
000000f4 8 2
000000f5 8 62
000000f6 8 87
000000f7 8 44
000000f8 8 74
000000f9 8 18
000000fa 8 85
000000fb 8 93
000000fc 8 39
000000fd 8 24
000000fe 8 69
000000ff 8 5
