0 0 0 0 0 0 0 0 0 0 0 0 0 0 0 0 0 0 0 0 0 0 0 0 0 0 0 0 0 0 0 0 0 0 0 0 0 0 0 0 0 0 0 0 0 0 0 0 0 0 0 0 0 0 0 0 0 0 0 0 0 0 0 0 0 0 0 0 0 0 0 0 0 0 0 0 0 0 0 0 0 0 0 0 0 0 0 0 0 0 0 0 0 0 0 0 0 0 0 0 0 0 0 0 0 0 0 0 0 0 0 0 0 0 0 0 0 0 0 0 0 0 0 0 0 0 0 0
0 0 0 0 0 0 0 0 0 0 0 0 0 0 0 0 0 0 0 0 0 0 0 0 0 0 0 0 0 0 0 0 0 0 0 0 0 0 0 0 0 0 0 0 0 0 0 0 0 0 0 0 0 0 0 0 0 0 0 0 0 0 0 0 0 0 0 0 0 0 0 0 0 0 0 0 0 0 0 0 0 0 0 0 0 0 0 0 0 0 0 0 0 0 0 0 0 0 0 0 0 0 0 0 0 0 0 0 0 0 0 0 0 0 0 0 0 0 0 0 0 0 0 0 0 0 0 0
0 0 0 0 0 0 0 0 0 0 1 1 1 1 1 1 0 0 0 0 0 0 0 0 0 0 0 0 0 0 0 0 0 0 0 0 0 0 0 0 0 0 0 0 0 0 0 0 0 0 0 0 0 0 0 0 0 0 0 0 0 0 0 0 0 0 0 0 0 0 0 0 0 0 0 0 0 0 0 0 0 0 0 0 0 0 0 0 0 0 0 0 0 0 0 0 0 0 0 0 0 0 0 0 0 0 0 0 0 0 0 0 0 0 0 0 0 0 0 0 0 0 0 0 0 0 0 0
0 0 0 0 0 0 0 0 0 0 0 0 0 0 0 0 0 0 0 0 0 0 0 0 0 0 0 0 0 0 0 0 0 0 0 0 0 0 0 0 0 0 0 0 0 0 0 0 0 0 0 0 0 0 0 0 0 0 0 0 0 0 0 0 0 0 0 0 0 0 0 0 0 0 0 0 0 0 0 0 0 0 0 0 0 0 0 0 0 0 0 0 0 0 0 0 0 0 0 0 0 0 0 0 0 0 0 0 0 0 0 0 0 0 0 0 0 0 0 0 0 0 0 0 0 0 0 0
0 0 0 0 0 0 0 0 0 0 0 0 0 0 0 0 0 0 0 0 0 0 0 0 0 0 0 0 0 0 0 0 0 0 0 0 0 0 0 0 0 0 0 0 0 0 0 0 0 0 0 0 0 0 0 0 0 0 0 0 0 0 0 0 0 0 0 0 0 0 0 0 0 0 0 0 0 0 0 0 0 0 0 0 0 0 0 0 0 0 0 0 0 0 0 0 0 0 0 0 0 0 0 0 0 0 0 0 0 0 98 144 212 155 113 0 0 0 0 0 0 0 0 0 0 0 0 0
0 0 0 0 0 0 0 0 0 1 1 1 1 1 1 1 1 1 1 1 0 0 0 0 0 0 0 0 0 0 0 0 0 0 0 0 0 0 0 0 0 0 0 0 0 0 0 0 0 0 0 0 0 0 0 0 0 0 0 0 0 0 0 0 0 0 0 0 0 0 0 0 0 0 0 0 0 0 0 0 0 0 0 0 0 0 0 0 0 0 2 112 78 113 0 0 0 0 0 0 0 0 0 0 0 0 0 0 0 91 140 126 105 114 131 0 0 0 0 0 0 0 0 0 0 0 0 0
0 0 0 0 0 0 0 0 1 1 0 0 1 2 2 2 2 2 2 2 0 0 0 0 0 0 0 0 0 0 0 0 0 0 0 0 0 0 0 0 0 0 0 0 0 0 0 0 0 0 0 0 0 0 0 0 0 0 0 0 0 0 0 0 0 0 0 0 0 0 0 0 0 0 0 0 0 0 0 0 0 0 0 0 0 107 133 176 180 139 142 137 105 108 1 0 0 0 0 0 0 0 0 0 0 0 0 0 0 107 119 62 165 45 140 107 0 0 0 0 0 0 0 0 0 0 0 0
0 0 0 0 0 0 0 0 105 132 175 146 156 163 163 153 147 180 137 109 1 1 2 1 1 1 1 0 1 0 0 0 0 0 0 0 0 0 0 0 0 0 0 0 0 0 0 0 0 0 0 0 1 1 1 1 0 0 0 0 0 0 0 0 0 0 0 0 0 0 0 0 0 0 0 0 0 0 0 0 0 0 0 0 0 174 122 149 46 81 81 144 129 149 2 0 0 0 0 0 0 0 0 0 0 0 1 1 3 136 85 86 59 82 75 160 0 0 0 0 0 0 0 0 0 0 0 0
0 0 0 0 0 0 0 0 159 124 144 88 107 116 119 102 92 156 134 169 2 2 2 2 2 1 1 0 1 1 1 0 0 0 0 0 1 0 0 0 0 0 1 1 1 0 0 0 0 0 1 2 2 2 2 2 1 0 0 0 0 0 0 0 0 0 0 0 0 0 0 0 0 0 0 0 0 0 0 0 0 0 0 0 0 172 137 106 107 148 151 138 128 142 178 231 173 103 106 73 153 174 232 229 230 229 215 214 222 170 106 56 48 130 42 211 0 0 0 0 0 0 0 0 0 0 0 0
0 0 0 0 0 0 0 0 213 110 110 52 60 52 59 55 51 123 115 231 113 80 116 115 80 116 115 182 182 113 2 1 0 0 3 97 64 96 4 0 0 0 0 0 1 0 0 0 0 0 2 111 78 161 183 182 114 0 0 0 0 0 0 0 0 0 0 0 0 0 0 0 0 0 0 0 0 0 0 0 0 0 0 0 0 112 112 61 96 108 108 146 50 91 119 53 109 125 137 148 111 156 116 117 126 105 159 97 86 36 55 70 85 92 41 199 0 0 0 0 0 0 0 0 0 0 0 0
0 0 0 0 0 0 0 0 207 90 114 6 44 32 46 29 9 132 97 173 184 143 143 180 135 137 181 183 173 141 2 1 1 1 113 172 207 170 110 1 1 0 0 0 0 1 1 1 0 2 87 173 195 179 212 175 167 0 0 0 0 0 0 0 0 0 0 0 0 0 0 0 0 0 0 0 0 0 0 0 0 0 0 0 0 0 102 118 102 119 102 130 101 39 19 121 79 73 53 95 35 28 102 111 87 117 126 177 230 162 80 63 107 48 52 192 0 0 0 0 0 0 0 0 0 0 0 0
0 0 0 0 0 0 0 0 207 92 112 1 42 32 45 29 8 131 100 114 185 145 66 175 120 58 200 83 204 199 3 0 1 1 181 174 143 173 177 1 1 1 1 1 1 1 2 1 0 102 144 129 65 35 91 171 221 0 0 0 0 0 0 0 0 0 0 0 0 0 0 0 0 0 0 0 0 0 0 0 0 0 0 0 0 0 101 118 101 118 150 81 52 71 21 104 71 115 77 40 40 87 47 85 74 93 86 160 14 166 140 47 128 14 54 178 0 0 0 0 0 0 0 0 0 0 0 0
0 0 0 0 0 0 0 0 207 91 113 2 42 32 45 29 8 132 99 11 143 162 60 75 107 64 130 23 154 196 191 188 136 131 221 85 36 98 223 185 190 215 220 218 223 215 215 185 196 233 181 80 45 19 6 126 207 0 0 0 0 0 0 0 0 0 0 0 0 0 0 0 0 0 0 0 0 0 0 0 0 0 0 0 0 0 101 118 101 87 187 85 113 77 134 92 96 85 57 19 49 98 76 63 84 114 78 214 158 146 83 66 134 69 76 142 1 0 0 0 0 0 0 0 0 0 0 0
0 0 0 0 0 0 0 0 209 98 110 20 44 35 46 33 22 126 106 105 153 0 73 80 77 80 90 31 84 118 149 133 167 161 135 34 71 35 156 128 147 161 179 170 180 166 170 145 175 75 45 34 45 33 85 130 204 0 0 0 0 0 0 0 0 0 0 0 0 0 0 0 0 0 0 0 0 0 0 0 0 0 0 0 0 0 101 119 101 43 177 60 172 14 211 98 105 72 57 11 54 99 105 20 54 84 54 210 188 132 41 98 129 142 62 78 91 0 0 0 0 0 0 0 0 0 0 0
0 0 0 0 0 0 0 0 217 131 110 85 84 76 80 83 83 118 135 170 159 159 14 63 51 4 13 20 27 35 22 14 75 35 101 39 28 43 141 83 121 62 52 70 62 53 80 11 79 164 160 94 150 73 147 148 202 0 0 0 0 0 0 0 0 0 0 0 0 0 0 0 0 0 0 0 0 0 0 0 0 0 0 0 0 112 113 61 46 43 103 104 101 61 138 99 108 85 51 72 85 97 43 36 96 27 57 112 121 87 107 91 87 194 82 45 101 0 0 0 0 0 0 0 0 0 0 0
0 0 0 0 0 0 0 0 216 126 90 22 39 32 41 32 25 104 131 231 161 178 5 4 11 18 44 12 33 24 58 57 27 22 55 79 39 23 141 17 128 24 13 28 22 35 45 22 9 162 68 140 218 9 202 150 202 0 0 0 0 0 0 0 0 0 0 0 0 0 0 0 0 0 0 0 0 0 0 0 0 0 0 0 0 174 147 116 86 84 90 58 99 126 108 77 82 81 69 76 52 18 95 92 136 79 121 135 139 88 152 61 45 196 89 60 114 105 0 0 0 0 0 0 0 0 0 0
0 0 0 0 0 0 0 0 214 124 110 80 80 74 78 79 78 121 128 229 182 139 6 59 35 34 85 19 40 27 49 32 73 43 80 49 72 29 169 22 186 4 18 3 14 48 75 65 42 163 101 140 218 9 202 150 202 0 0 0 0 0 0 0 0 0 0 0 0 0 0 0 0 0 0 0 0 0 0 0 0 0 0 0 0 175 127 149 109 110 129 93 140 104 145 120 134 149 92 146 178 145 116 77 53 97 38 77 119 93 156 116 108 147 104 83 70 144 0 0 0 0 0 0 0 0 0 0
0 0 0 0 0 0 0 0 206 92 112 2 41 29 43 27 8 130 99 224 204 111 17 110 78 43 113 34 45 31 51 35 65 25 62 84 38 25 143 15 178 8 48 37 36 44 31 94 102 126 16 139 217 10 202 150 202 0 0 0 0 0 0 0 0 0 0 0 0 0 0 0 0 0 0 0 0 0 0 0 0 0 0 0 0 109 142 187 162 168 128 75 55 49 23 9 22 97 94 68 52 53 67 76 93 74 47 50 23 89 130 252 255 126 50 31 53 179 0 0 0 0 0 0 0 0 0 0
0 0 0 0 0 0 0 0 207 92 112 2 41 30 43 27 7 129 100 224 225 135 60 39 84 59 114 57 53 52 51 46 126 37 99 10 42 61 146 92 58 19 42 77 76 58 98 111 23 157 113 163 225 41 214 172 212 0 0 0 0 0 0 0 0 0 0 0 0 0 0 0 0 0 0 0 0 0 0 0 0 0 0 0 0 1 3 110 168 220 213 196 170 159 150 142 136 84 79 123 119 104 81 50 19 38 98 124 98 102 102 182 183 124 95 60 78 148 0 0 0 0 0 0 0 0 0 0
0 0 0 0 0 0 0 0 207 91 113 1 42 32 44 28 8 130 100 224 173 142 178 184 192 194 187 195 188 170 201 188 216 153 154 121 161 148 162 126 171 172 192 171 164 182 164 175 162 147 164 164 192 97 188 170 160 2 0 0 0 0 0 0 0 0 0 0 0 0 0 0 0 0 0 0 0 0 0 0 0 0 0 0 0 115 167 226 208 188 116 65 73 67 58 48 33 14 12 41 72 103 79 72 103 117 137 41 31 105 200 3 2 194 86 43 85 148 0 0 0 0 0 0 0 0 0 0
0 0 0 0 0 0 0 0 207 92 112 1 41 32 43 28 8 129 100 225 115 158 225 156 144 164 226 231 226 219 231 225 170 127 136 191 213 217 203 192 136 143 163 223 221 227 205 198 127 82 112 162 167 138 166 164 108 2 0 0 0 0 0 0 0 0 0 0 0 0 0 0 0 0 0 0 0 0 0 0 0 0 0 0 0 173 196 137 75 41 33 24 15 10 24 51 79 74 87 122 118 125 151 172 188 220 213 76 36 111 188 104 2 175 104 19 93 171 2 0 0 0 0 0 0 0 0 0
0 0 0 0 0 0 0 0 219 141 124 119 112 103 105 112 115 128 145 232 1 0 1 2 2 1 1 1 1 1 2 2 2 1 1 0 1 1 1 0 1 2 2 2 2 3 2 1 0 1 1 1 2 1 2 2 2 2 0 0 0 0 0 0 0 0 0 0 0 0 0 0 0 0 0 0 0 0 0 0 0 0 0 0 0 231 201 40 16 15 12 18 42 70 72 93 143 162 173 178 199 221 171 113 1 104 223 152 58 87 155 121 111 194 153 81 144 213 113 0 0 0 0 0 0 0 0 0
0 0 0 0 0 0 0 0 165 143 140 94 110 120 122 108 98 152 151 173 0 0 1 1 1 1 1 1 1 2 1 1 1 1 1 1 1 1 1 1 1 1 1 1 1 1 1 1 1 1 1 1 1 1 1 1 1 0 0 0 0 0 0 0 0 0 0 0 0 0 0 0 0 0 0 0 0 0 0 0 0 0 0 0 0 225 196 33 8 18 44 72 108 166 187 205 216 166 109 4 0 0 0 0 1 166 218 96 59 46 147 168 176 210 140 60 116 215 173 0 0 0 0 0 0 0 0 0
0 0 0 0 0 0 0 0 114 167 223 213 217 219 218 214 212 224 169 116 0 0 0 0 0 0 0 0 0 0 0 0 0 0 0 1 1 1 1 0 0 0 0 0 0 0 0 0 0 0 0 0 0 0 0 0 0 0 0 0 0 0 0 0 0 0 0 0 0 0 0 0 0 0 0 0 0 0 0 0 0 0 0 0 0 227 196 29 29 73 120 200 217 228 176 115 1 0 0 0 0 0 0 0 0 224 200 17 31 65 161 205 192 136 28 6 29 200 230 0 0 0 0 0 0 0 0 0
0 0 0 0 0 0 0 0 0 0 0 0 0 0 1 1 0 1 0 0 0 0 0 0 0 0 0 0 0 0 0 0 0 0 0 1 1 1 1 0 0 0 0 0 0 0 0 0 0 0 0 0 0 0 0 0 0 0 0 0 0 0 0 0 0 0 0 0 0 0 0 0 0 0 0 0 0 0 0 0 0 0 0 0 0 233 204 114 137 215 232 173 115 1 1 2 1 1 0 0 0 0 0 0 0 221 197 21 2 31 99 81 72 109 48 5 92 216 165 0 0 0 0 0 0 0 0 0
0 0 0 0 0 0 0 0 0 0 1 1 1 1 1 1 1 1 1 1 0 0 0 0 0 0 0 0 0 0 0 0 0 0 0 1 1 1 1 0 0 0 0 0 0 0 0 0 0 0 0 0 0 0 0 0 0 0 0 0 0 0 0 0 0 0 0 0 0 0 0 0 0 0 0 0 0 0 0 0 0 0 0 0 0 175 200 235 229 169 115 1 1 1 1 0 0 0 0 0 0 0 0 0 0 229 208 32 12 23 40 29 15 35 42 95 191 195 102 0 0 0 0 0 0 0 0 0
0 0 0 0 1 1 1 1 1 1 1 1 1 1 1 1 0 0 0 0 0 0 0 0 0 0 0 0 1 1 0 0 0 0 0 0 0 0 0 0 0 0 0 0 0 0 0 0 0 0 0 0 0 0 0 0 0 0 0 1 1 1 0 0 1 1 0 0 0 1 1 0 0 0 0 0 0 0 0 0 0 0 0 0 0 113 169 173 100 4 1 0 0 0 0 0 0 0 0 0 0 0 0 0 0 170 197 207 142 109 140 91 97 118 67 147 227 98 3 0 0 0 0 0 0 0 0 0
0 0 0 0 0 0 0 0 0 0 0 0 0 0 0 1 0 0 0 0 0 0 0 0 0 0 0 0 0 0 0 0 0 0 0 0 0 0 0 0 0 0 0 0 0 0 0 0 0 0 0 0 0 0 0 0 0 0 0 0 0 0 0 0 0 0 0 0 0 0 0 0 0 0 0 0 0 0 0 0 0 0 0 0 0 1 3 4 4 2 0 0 0 0 0 0 0 0 0 0 0 0 0 0 0 115 175 229 223 199 210 201 218 211 200 191 166 3 1 0 0 0 0 0 0 0 0 0
0 166 225 225 225 225 225 225 225 225 226 226 226 226 226 225 224 224 224 224 224 224 224 224 224 224 224 224 225 225 225 225 224 225 225 225 225 225 225 224 224 223 223 222 222 222 222 222 221 222 222 222 223 223 223 222 222 223 223 223 223 223 225 231 233 234 230 230 229 229 228 226 224 223 223 224 224 224 223 223 222 222 222 222 223 225 232 239 241 237 229 225 224 226 225 224 222 222 223 224 224 222 222 224 228 232 233 235 171 149 165 225 169 107 2 107 170 232 229 225 222 221 222 164 153 174 175 0
0 127 74 72 73 74 74 74 73 73 73 73 73 72 72 72 72 72 72 72 72 73 73 73 73 74 74 74 74 74 73 73 74 74 74 74 73 73 72 72 71 71 70 71 71 71 71 71 71 71 71 71 70 69 68 67 67 68 68 68 67 65 77 123 122 130 98 97 92 93 95 85 76 68 65 68 65 58 52 52 53 51 50 48 51 67 120 159 174 150 106 87 103 108 91 60 51 54 67 69 66 53 50 84 122 138 128 110 93 79 58 67 87 100 104 102 104 104 92 71 50 57 106 156 188 171 181 0
0 38 159 161 161 161 161 161 162 162 161 161 161 161 161 162 162 162 162 162 162 162 162 162 162 162 162 162 163 162 162 161 162 162 162 162 162 162 162 163 163 163 164 165 165 166 165 165 165 165 165 165 165 166 166 166 166 166 165 164 164 166 157 150 122 125 146 146 149 147 143 146 153 160 162 158 161 173 183 184 182 183 184 185 181 167 152 105 73 120 159 136 126 99 148 176 184 178 163 155 166 182 184 161 131 75 112 129 147 164 168 170 159 155 148 150 150 155 169 181 172 134 108 64 43 14 63 0
0 152 10 8 8 9 10 11 9 8 8 9 9 8 7 7 8 9 9 9 9 9 9 10 10 10 10 11 11 10 9 9 10 10 10 10 10 9 8 8 8 8 8 5 20 35 47 51 52 53 54 54 55 56 57 59 56 42 25 7 7 8 35 120 35 83 42 38 30 17 24 14 13 13 7 14 18 35 20 8 9 9 9 6 12 61 132 85 42 101 102 56 138 80 133 38 13 20 49 7 49 16 9 115 143 51 95 13 27 58 13 20 23 35 19 25 29 41 58 39 61 150 143 60 44 101 59 0
0 154 7 2 1 1 2 1 2 1 1 1 1 1 1 2 2 2 2 2 2 2 1 1 2 2 3 4 4 3 2 2 3 3 4 3 2 2 2 2 3 2 7 61 126 167 186 188 188 188 188 188 187 188 188 188 186 172 134 75 12 3 36 120 46 107 43 33 29 8 17 13 3 10 15 19 38 62 76 45 10 6 6 8 18 81 132 69 43 109 103 78 162 66 162 64 7 14 45 20 42 9 20 127 142 67 108 14 10 47 43 31 13 21 30 26 34 20 38 9 122 165 67 55 112 89 98 0
0 154 7 2 1 1 2 0 1 1 0 0 0 0 0 0 0 1 1 1 0 1 1 2 3 3 3 1 2 13 17 17 9 1 1 2 3 2 0 1 0 1 13 115 48 46 119 124 125 125 126 126 126 126 126 127 123 116 63 35 28 1 35 117 50 110 12 21 32 11 18 12 7 4 9 25 32 45 71 90 58 21 8 4 17 90 126 53 37 115 107 81 167 26 147 93 60 38 25 19 13 32 35 109 118 73 90 4 15 40 48 52 28 8 41 32 62 47 30 29 158 134 25 118 126 50 130 0
0 153 7 2 1 1 2 1 1 0 0 0 0 0 1 1 1 0 0 0 1 2 1 2 3 2 2 29 76 127 151 152 125 83 40 5 2 3 0 1 1 2 19 151 56 99 130 61 66 73 52 55 46 60 44 40 40 15 43 89 40 2 34 116 43 102 63 49 27 2 17 10 10 3 7 28 20 27 8 58 90 77 40 11 14 90 121 51 28 120 113 80 164 13 116 92 68 53 4 3 25 51 33 76 99 62 63 22 17 20 21 41 42 2 56 30 56 64 41 58 167 84 84 136 89 52 148 0
0 152 7 2 2 2 2 3 2 1 1 1 1 1 1 1 0 0 0 1 1 2 2 2 3 1 41 9 18 88 81 82 77 27 32 70 10 3 2 1 1 4 23 168 89 121 158 177 182 180 188 186 196 171 168 164 159 189 131 131 47 2 33 119 31 83 26 13 4 22 18 11 0 4 8 33 16 32 57 22 36 83 82 43 14 82 120 53 28 126 114 81 162 41 83 80 66 57 4 8 31 42 21 55 87 48 44 10 5 20 31 37 51 3 44 38 22 48 69 76 158 33 126 102 5 68 133 0
0 151 7 1 0 0 0 0 1 2 2 2 2 2 1 1 1 2 2 2 1 1 1 1 2 48 11 67 87 113 11 110 150 142 74 31 68 4 2 2 3 5 22 166 75 86 108 43 17 24 71 17 51 38 50 64 56 73 51 183 48 1 33 121 23 83 32 15 47 52 33 17 15 9 6 30 13 21 38 55 36 31 80 73 30 77 123 49 33 131 112 89 163 55 68 118 79 29 7 6 25 37 25 62 71 39 45 23 33 33 40 22 41 9 26 30 19 27 74 83 122 31 141 50 49 44 119 0
0 151 8 0 1 0 1 0 1 2 2 2 2 2 1 2 2 2 1 1 0 1 0 1 38 12 66 12 112 174 143 145 126 96 136 80 30 28 3 18 28 37 38 155 108 121 100 32 19 28 71 17 55 21 19 17 13 80 48 182 48 1 33 120 38 103 43 40 33 65 61 11 25 15 11 25 15 17 21 37 51 24 33 80 55 77 125 48 36 139 108 94 165 67 57 145 99 8 7 9 7 18 24 82 45 42 51 35 38 30 32 12 26 29 2 23 33 40 35 34 77 48 138 30 64 49 126 0
0 151 8 0 2 3 4 3 2 1 0 1 1 1 0 1 1 2 0 1 1 2 1 8 101 16 105 91 145 57 55 174 183 2 93 134 24 75 15 18 12 6 18 153 92 170 174 119 76 79 38 126 110 70 119 148 154 193 135 128 48 1 34 116 49 109 57 68 54 56 82 12 19 6 15 22 20 18 19 29 41 42 21 64 73 73 125 43 37 142 105 88 168 83 30 143 132 27 21 25 22 33 76 84 17 52 54 40 25 28 37 31 16 48 21 31 44 35 10 28 29 66 117 30 43 50 153 0
0 151 9 0 1 2 3 2 1 0 0 2 1 3 0 3 1 3 1 2 1 2 2 35 64 97 66 176 105 85 101 132 118 2 0 114 87 36 25 5 20 34 35 149 95 219 203 185 181 159 194 211 210 192 198 180 172 156 82 96 45 0 34 114 58 118 37 55 46 55 66 4 18 19 11 14 14 17 22 23 28 35 35 29 76 54 127 47 40 144 103 73 171 104 14 119 144 68 61 59 61 80 89 49 37 55 49 38 11 30 41 45 7 54 18 33 43 23 29 48 28 91 88 28 2 43 176 0
0 150 9 0 1 1 1 1 1 0 0 1 1 2 0 2 1 2 1 2 1 0 4 71 46 140 159 166 185 160 183 129 90 1 0 92 120 33 43 14 20 5 15 129 26 149 179 130 85 64 83 133 133 103 133 185 184 178 100 66 33 2 34 115 60 126 30 42 37 55 44 33 14 38 6 6 5 20 23 16 14 18 34 5 69 31 114 48 46 119 87 48 154 113 28 74 133 46 27 26 41 63 46 12 55 58 35 33 10 24 38 52 9 49 15 28 40 25 60 59 85 112 44 15 7 38 182 0
0 150 9 3 11 15 18 19 18 19 19 19 18 19 19 19 15 10 3 2 0 0 3 111 73 178 2 89 159 61 77 232 168 110 1 115 171 91 69 19 7 1 8 85 32 46 72 72 71 71 72 73 73 73 72 72 72 59 45 104 18 4 34 115 61 130 26 33 4 28 25 50 12 52 5 5 8 21 23 11 5 13 35 17 54 11 80 66 70 75 60 50 95 106 118 93 110 54 44 29 40 43 10 35 62 62 24 20 9 24 36 47 9 40 23 18 37 50 81 44 123 122 12 7 8 26 177 0
0 150 8 60 102 130 138 138 138 139 140 139 138 137 138 135 119 87 39 3 0 1 8 141 78 210 1 3 78 143 125 95 127 173 145 153 183 91 100 15 1 0 0 23 62 92 111 112 110 109 110 112 112 111 109 108 106 91 66 31 2 4 34 117 62 138 26 31 23 49 73 78 42 69 8 6 10 22 22 6 3 17 36 21 36 15 43 48 48 37 21 10 46 84 124 112 85 38 11 42 60 24 17 38 65 59 18 2 17 28 32 39 19 36 44 15 62 83 71 14 125 123 18 12 9 15 171 0
0 150 52 128 60 63 88 81 5 81 87 87 87 87 87 86 56 48 115 27 3 2 18 163 90 232 4 71 112 95 82 133 67 42 148 126 150 124 127 20 1 1 1 1 1 16 46 73 91 96 94 94 93 94 95 96 96 99 100 91 67 38 30 120 61 144 22 37 20 13 28 54 46 81 13 8 10 23 20 1 5 17 34 27 29 28 17 11 9 11 9 10 15 17 24 30 17 8 21 51 65 12 32 39 61 56 12 12 29 17 17 33 21 20 52 22 86 79 31 17 123 123 21 13 12 13 170 0
0 149 88 114 38 72 37 86 28 92 27 92 151 206 207 205 195 106 72 50 5 3 30 174 104 243 90 128 91 21 20 15 29 80 24 49 139 115 154 34 2 1 1 2 13 87 39 48 68 70 70 70 70 71 71 72 72 72 71 67 71 123 31 123 57 150 11 37 30 33 45 49 41 79 18 6 10 23 18 10 11 20 33 31 27 29 19 10 11 9 10 12 16 13 14 12 13 20 2 41 56 11 32 35 52 47 17 46 57 44 34 38 22 23 50 47 73 49 43 45 85 92 72 64 44 13 170 0
0 146 116 103 104 95 125 103 59 107 167 146 166 1 1 1 116 158 77 68 7 5 43 122 141 83 163 111 35 16 22 13 9 14 48 91 93 92 156 38 15 22 23 21 48 35 22 25 54 79 120 119 81 65 83 122 172 172 169 171 111 59 65 122 50 153 8 33 29 15 23 45 21 70 26 8 10 23 18 16 13 19 31 33 24 22 24 3 13 9 7 7 9 4 2 3 6 20 10 46 44 19 32 27 36 40 110 158 96 85 84 110 130 119 134 96 49 101 66 76 128 127 83 130 174 117 147 0
0 145 123 53 33 73 57 51 56 70 66 174 231 1 1 2 4 149 68 73 12 10 46 92 95 148 133 58 40 6 3 7 4 2 11 82 120 121 113 24 26 24 21 22 54 50 2 75 166 188 187 194 204 183 206 189 184 186 188 44 132 63 92 119 34 141 43 13 26 21 15 32 11 54 42 4 5 19 16 12 13 18 25 30 20 14 20 17 27 20 18 17 14 12 11 12 11 14 17 55 32 27 25 13 26 96 48 37 135 151 152 118 21 34 53 60 33 110 19 80 157 157 146 123 13 62 114 0
0 145 122 40 40 91 71 50 35 39 16 131 176 206 211 201 191 149 73 68 30 31 36 106 158 133 69 94 6 3 2 6 7 2 13 33 60 72 54 12 6 22 24 24 61 77 54 183 58 53 113 112 117 35 118 131 159 153 160 152 109 71 107 115 20 119 62 40 11 17 15 30 25 34 56 27 4 9 10 6 17 16 19 20 16 13 16 13 6 5 4 4 5 5 5 5 6 5 20 54 31 30 10 3 18 47 125 221 175 6 161 84 104 98 102 56 24 148 95 87 157 163 114 172 168 23 61 0
0 145 121 61 15 68 96 95 101 103 109 85 72 118 134 151 163 98 34 62 11 5 27 138 131 90 148 51 11 3 2 8 5 10 27 21 10 30 15 15 25 18 14 16 64 70 58 167 43 17 4 5 49 29 44 35 14 15 15 178 28 72 107 115 5 91 49 52 2 18 22 24 24 17 50 52 22 2 6 14 19 14 16 9 17 12 51 73 89 74 50 21 5 4 4 4 4 3 13 40 29 21 11 18 25 103 154 114 0 163 129 80 64 7 69 32 16 111 14 102 130 182 1 0 233 100 12 0
0 145 122 113 26 29 25 35 48 46 45 29 24 7 29 24 49 54 93 63 28 28 30 117 130 104 130 21 10 3 4 1 28 47 36 43 21 28 15 31 30 5 6 8 65 64 62 154 162 157 163 170 188 198 194 170 157 152 160 156 105 72 107 117 5 84 51 63 9 20 39 25 10 25 22 57 48 13 10 24 19 13 14 0 15 69 104 103 93 84 72 52 36 16 1 4 5 4 8 23 26 29 31 37 37 92 119 5 1 218 106 165 87 49 48 49 35 103 8 106 129 182 1 1 236 103 14 0
0 144 124 66 13 58 101 91 96 91 79 120 127 118 134 149 154 89 54 67 6 2 19 98 115 90 91 4 17 21 21 20 49 48 29 58 39 20 27 38 24 1 1 7 63 66 14 138 27 45 90 22 118 53 134 42 112 133 203 148 158 72 107 120 6 91 54 60 7 19 53 18 9 36 22 41 73 37 14 31 18 10 12 30 70 98 74 20 21 52 38 59 81 55 14 5 6 5 5 9 17 28 26 20 28 83 115 5 0 221 103 181 80 37 139 78 89 117 35 164 129 114 0 0 236 99 15 0
0 142 124 52 47 94 74 93 108 105 179 214 202 200 215 218 220 158 68 71 6 2 6 61 79 35 62 25 39 41 41 21 46 22 44 69 47 28 51 41 19 1 0 6 63 66 67 178 178 160 183 168 196 188 205 182 201 184 105 1 210 72 108 122 7 93 53 59 13 15 59 16 26 44 38 17 69 78 24 33 18 6 26 68 85 54 12 27 29 41 5 34 63 87 40 3 7 6 4 1 9 6 10 0 37 84 117 5 1 167 135 77 73 69 150 79 129 117 15 154 133 4 0 0 237 97 16 0
0 142 119 69 51 90 44 44 52 51 176 191 5 1 0 0 1 143 69 69 5 1 9 36 44 6 38 49 35 33 43 8 32 38 57 68 59 32 71 50 15 6 6 9 62 69 85 196 45 54 75 5 45 38 97 51 133 202 162 0 210 79 103 118 4 96 49 53 16 15 55 15 29 51 45 33 31 84 72 33 15 7 54 91 55 20 44 35 11 31 7 27 22 95 63 5 8 13 15 13 17 15 21 18 45 87 120 118 162 67 46 155 105 91 213 163 112 107 110 14 102 144 88 0 237 97 17 0
0 133 84 93 34 71 88 109 121 118 180 217 231 230 229 228 212 142 75 53 49 50 50 26 20 35 25 55 47 7 50 31 26 41 52 56 50 21 68 64 60 62 62 64 70 97 79 189 54 48 27 18 16 11 64 9 6 169 221 0 211 103 93 107 33 99 43 46 17 20 53 31 32 49 41 47 32 31 68 65 41 31 79 90 17 62 72 65 46 6 18 23 16 92 89 23 25 27 26 27 10 12 18 28 63 87 121 176 183 212 121 89 72 88 142 162 131 89 15 79 94 187 175 115 237 97 17 0
0 127 79 64 41 42 44 37 34 44 60 97 137 137 137 137 140 99 79 60 77 76 69 45 19 30 19 59 52 10 52 55 28 24 15 37 43 10 40 50 67 71 71 71 55 110 6 141 64 89 23 63 143 116 113 23 94 201 163 115 212 95 50 80 55 102 40 40 18 29 55 47 35 38 31 41 50 31 17 29 39 41 80 62 18 62 65 43 66 16 6 17 22 82 115 43 28 18 24 8 27 17 38 27 77 94 123 232 179 122 103 134 76 70 65 89 133 133 126 81 75 49 182 180 236 96 16 0
0 80 43 29 23 38 52 69 81 85 81 79 78 79 78 78 64 42 17 25 25 23 24 56 54 40 14 70 45 13 59 80 32 19 6 36 31 12 11 7 11 13 13 12 4 52 28 89 84 81 21 66 27 12 19 7 77 141 128 186 144 28 25 57 72 107 38 36 18 35 55 55 37 27 26 41 39 41 35 24 7 28 61 23 39 27 67 48 63 1 6 21 16 60 134 66 55 31 54 2 60 17 55 46 80 107 124 225 162 71 42 47 30 5 18 27 32 35 44 39 35 97 157 242 235 94 17 0
0 58 2 9 20 28 31 37 17 11 12 11 10 10 10 9 8 5 3 2 3 3 2 36 47 31 31 85 51 17 70 89 33 30 18 29 23 4 2 2 3 4 4 3 3 33 49 22 90 87 22 85 105 98 96 91 82 99 138 94 47 60 18 55 74 111 37 32 16 32 48 52 26 15 15 33 33 30 30 29 25 44 44 58 50 41 41 25 47 2 7 12 22 32 133 80 68 22 77 5 78 18 50 55 57 81 130 181 170 71 67 74 86 96 105 100 79 24 63 107 84 39 182 79 218 44 37 0
0 58 0 4 2 2 22 40 12 4 0 2 3 4 4 3 1 0 0 0 0 0 0 13 34 17 27 75 74 60 67 81 21 33 9 19 10 5 2 0 1 2 3 2 1 4 7 19 28 31 33 34 35 36 37 39 38 36 34 26 16 5 24 54 76 118 40 30 12 23 39 42 8 32 24 15 31 26 22 20 22 58 44 69 38 61 25 25 37 29 20 22 24 28 118 69 67 9 75 17 77 30 33 73 32 45 95 128 128 30 22 36 38 32 17 22 73 14 64 27 21 54 116 62 102 66 102 0
0 58 1 3 2 2 22 40 11 5 2 4 1 2 3 3 2 1 1 0 0 1 0 4 21 15 11 39 55 48 38 56 28 22 3 10 7 4 4 3 1 3 2 3 2 0 4 6 8 8 9 8 8 8 8 7 7 6 6 5 3 2 21 57 69 118 44 34 33 29 30 28 53 58 61 18 25 21 18 9 9 47 35 36 32 41 48 64 72 65 53 37 21 27 99 50 62 13 72 25 73 37 21 90 33 13 33 51 83 59 40 88 110 147 158 156 112 85 117 191 179 130 66 77 104 145 144 0
0 58 0 3 1 2 23 42 11 5 2 4 2 2 1 2 2 3 3 3 3 3 2 1 8 18 25 21 11 11 14 47 52 22 16 17 5 1 4 4 2 2 1 3 3 3 4 4 4 4 2 1 1 1 1 0 1 3 5 4 3 2 20 54 76 113 23 31 44 45 54 58 59 51 63 58 59 53 50 47 44 29 21 19 35 8 40 35 33 31 29 29 8 25 82 37 54 27 74 37 70 45 17 89 24 29 56 71 44 45 37 84 67 80 79 82 82 92 110 123 128 128 125 110 81 36 177 0
0 57 0 3 1 2 24 42 13 6 4 4 2 1 1 1 1 2 2 2 3 3 3 2 2 32 61 63 55 34 18 16 48 48 30 21 10 2 3 2 1 2 0 1 1 2 2 2 2 2 1 0 1 1 1 1 3 3 3 4 4 4 22 50 91 119 42 33 27 25 26 21 40 47 45 21 15 16 15 13 11 7 18 27 21 12 44 37 24 29 32 29 4 21 54 47 52 43 71 59 69 58 26 67 34 10 73 80 53 51 65 131 51 31 35 43 27 26 45 23 9 7 6 4 3 10 185 0
0 57 0 4 1 1 25 43 13 4 2 2 2 0 0 0 0 0 0 0 0 0 1 2 25 68 81 68 55 50 16 28 49 45 20 15 9 3 4 2 0 1 1 1 1 0 0 0 0 0 1 1 3 1 1 1 2 2 3 1 1 2 23 42 106 117 18 17 20 24 32 37 47 54 56 54 55 62 69 73 78 61 48 20 9 14 34 24 19 24 33 25 14 17 31 41 12 17 40 47 41 37 35 49 27 27 78 62 13 17 75 126 34 67 79 85 76 59 65 29 4 2 1 4 5 14 189 0
0 57 0 4 1 1 26 44 13 3 0 0 0 0 0 0 0 0 0 0 0 0 1 8 51 75 48 23 4 42 36 26 55 82 75 48 19 7 6 1 1 1 1 1 1 0 0 0 0 0 0 2 4 3 2 0 2 3 3 2 1 2 23 42 109 122 19 40 47 50 44 41 36 33 27 27 18 16 15 5 4 37 61 28 6 10 26 15 14 16 24 18 21 10 20 55 61 57 46 47 58 52 40 34 43 58 99 122 140 140 115 89 10 48 42 22 31 52 81 87 87 82 71 57 39 28 181 0
0 57 0 3 1 2 27 45 12 3 2 1 0 0 0 0 0 0 0 0 0 0 1 28 68 58 17 16 20 29 26 50 55 50 44 30 12 7 6 1 1 1 0 2 1 0 1 0 0 1 2 3 3 2 2 1 0 1 1 2 2 3 23 42 109 121 28 49 39 48 50 49 48 41 32 36 34 47 62 60 60 46 60 17 24 41 42 33 31 39 50 57 33 16 24 68 21 8 11 24 30 38 43 50 55 65 88 105 124 131 116 87 55 72 99 105 93 60 35 13 26 63 75 90 68 61 164 0
0 57 0 2 3 4 27 44 12 3 2 1 1 0 0 0 0 0 0 0 0 0 19 58 65 33 6 2 16 8 7 8 16 41 54 34 15 9 4 1 2 1 1 1 2 2 2 2 2 3 3 2 2 0 2 2 2 4 3 0 2 5 22 43 109 123 31 51 29 23 15 8 24 13 12 22 23 18 21 23 25 23 44 16 25 34 39 41 47 56 57 53 28 27 35 71 64 56 65 42 39 20 13 5 27 24 32 19 21 7 5 13 19 25 37 42 56 63 69 69 61 63 12 61 21 9 146 0
0 57 0 1 0 2 27 44 12 3 1 1 1 0 1 0 0 0 0 0 1 13 55 72 47 18 18 54 75 66 58 36 23 44 50 21 12 7 1 1 1 0 1 2 12 31 47 53 43 27 10 0 0 1 2 1 1 17 40 59 68 61 34 33 112 125 26 45 53 60 62 61 51 43 32 33 33 37 50 48 33 25 43 29 34 41 26 15 15 21 26 41 50 35 25 51 23 31 38 29 38 34 37 1 44 37 55 47 56 41 45 38 33 38 29 56 44 55 33 27 7 82 21 73 33 33 147 0
0 57 0 2 2 3 28 44 12 3 0 1 2 2 2 3 2 2 1 0 4 44 77 57 22 15 37 94 114 113 98 39 25 36 44 17 20 7 1 1 1 0 0 26 63 82 85 83 85 79 57 20 0 1 1 3 33 69 83 79 73 81 78 52 131 126 9 8 17 24 31 33 33 40 39 39 40 43 50 45 46 42 60 65 20 50 41 42 46 60 47 53 47 12 36 48 41 40 34 15 8 19 42 3 55 21 15 23 34 31 40 31 31 23 28 48 54 63 49 50 31 65 8 63 32 48 152 0
0 58 0 3 2 1 28 45 13 3 3 2 3 3 3 2 2 2 1 1 29 74 72 26 8 1 65 112 76 58 75 59 77 25 68 88 88 58 15 1 0 0 24 66 64 20 26 43 18 30 69 62 19 2 1 30 70 55 6 48 66 43 18 33 157 126 9 9 9 9 11 12 10 5 2 0 9 7 8 8 19 18 59 86 6 38 39 39 40 51 33 33 29 23 68 62 56 52 53 40 48 38 44 6 47 39 52 39 42 28 31 25 29 11 20 16 18 16 13 22 20 46 7 42 29 53 147 0
0 57 1 3 2 1 27 45 15 1 1 1 1 1 0 1 1 2 0 10 60 83 43 9 12 80 102 79 60 77 26 28 114 55 80 98 101 94 46 0 2 12 61 58 10 72 89 86 88 62 5 65 55 5 16 64 53 24 81 87 81 90 88 43 160 125 6 2 3 3 2 2 4 7 7 7 7 10 11 12 12 9 55 90 26 24 31 32 31 35 21 18 12 49 77 48 27 15 32 27 37 20 20 6 30 32 56 54 72 57 55 48 40 41 39 60 63 58 42 37 26 45 5 30 18 20 143 0
0 57 1 3 2 1 27 45 16 1 0 0 0 0 0 0 0 2 1 39 84 63 11 7 26 124 84 28 41 69 68 68 141 76 35 25 58 106 67 3 2 39 72 8 68 61 25 11 30 66 61 22 74 30 46 71 8 75 57 19 7 25 74 57 142 124 7 2 1 0 1 1 3 30 46 50 32 8 2 1 1 2 34 86 54 11 17 18 4 27 2 12 11 62 68 21 11 10 8 5 4 4 6 5 2 1 3 6 11 13 16 25 22 35 28 40 27 44 34 48 30 68 6 56 38 63 157 0
0 56 1 3 2 1 28 46 15 1 0 0 0 0 0 0 0 2 20 74 86 34 6 13 50 154 41 71 35 37 45 85 117 49 7 16 46 107 71 3 5 65 52 53 68 16 1 1 0 23 72 39 63 54 71 47 62 65 12 2 4 1 35 50 113 121 8 2 0 0 0 1 34 104 97 99 45 4 2 1 0 1 14 76 72 8 12 17 28 26 16 10 25 71 49 4 3 3 3 3 4 3 3 3 3 5 7 9 10 10 10 10 9 8 8 8 8 7 5 11 11 84 1 75 24 38 161 0
0 56 1 2 2 2 29 47 13 2 0 0 0 0 0 0 1 5 54 94 63 13 8 10 83 138 33 57 43 33 40 81 66 9 6 12 44 107 68 1 21 79 11 81 35 2 3 4 2 2 43 76 30 60 74 9 85 31 1 4 3 1 24 48 103 119 7 3 2 4 15 42 103 124 62 97 54 16 1 1 0 2 2 65 79 8 15 18 25 17 17 10 30 72 38 0 2 0 0 0 1 1 0 0 1 0 1 1 1 0 0 1 1 1 2 4 5 7 7 8 14 85 5 84 12 5 157 0
0 56 2 1 2 3 30 48 12 3 0 0 0 0 0 0 1 32 87 86 31 17 4 10 103 119 18 32 53 44 61 94 39 23 9 7 38 106 71 4 39 76 30 77 10 0 1 1 3 0 16 80 9 47 53 32 79 8 1 4 0 1 24 48 103 119 7 18 32 77 117 142 109 32 69 77 47 36 3 2 2 2 6 66 73 2 24 21 21 18 25 23 32 70 31 1 1 1 0 0 0 0 1 1 2 2 1 1 2 2 1 1 1 0 0 2 3 4 3 6 14 82 8 81 10 8 155 0
0 56 2 1 2 4 30 48 11 3 1 0 0 0 0 1 6 68 99 59 11 23 2 8 111 106 23 21 42 38 81 100 28 31 11 6 24 93 92 24 53 66 53 64 2 1 1 0 2 1 6 76 46 39 41 59 72 4 2 4 0 0 24 47 103 120 8 58 74 90 57 21 49 87 80 22 56 78 9 3 5 8 48 95 61 27 24 25 19 14 19 22 37 65 21 2 1 2 2 1 0 1 1 1 1 1 1 1 1 0 1 1 2 1 1 0 0 1 1 4 14 80 10 78 6 5 152 0
0 57 1 0 0 4 31 48 11 3 2 1 0 0 0 2 32 99 87 31 8 29 6 10 98 100 20 42 64 46 82 100 15 38 14 15 9 69 99 54 65 57 63 54 3 1 1 0 1 11 45 86 65 38 42 72 87 48 13 3 0 0 32 49 110 121 9 69 55 31 86 117 96 84 22 88 42 100 20 21 34 76 130 128 71 54 22 21 11 12 11 7 41 56 11 1 0 1 2 2 0 1 1 1 2 2 2 2 2 0 0 0 0 1 1 1 0 1 0 3 15 79 12 76 3 3 150 0
0 58 2 0 1 4 32 50 11 4 3 3 2 2 1 13 74 111 61 15 12 33 7 2 86 93 24 39 22 22 77 90 14 39 20 21 6 39 89 77 80 55 65 53 3 0 0 1 6 50 76 74 20 24 24 23 73 77 53 10 2 7 65 56 137 122 8 74 65 56 63 43 40 34 27 102 14 76 99 133 151 160 143 86 76 75 17 19 21 23 19 14 50 41 2 1 1 1 1 3 1 1 1 1 2 1 0 1 2 0 0 0 0 0 2 2 0 0 0 3 16 78 15 76 2 3 151 0
0 58 2 1 1 4 34 51 10 3 2 3 3 3 3 40 103 91 26 5 22 34 5 6 81 84 21 31 26 34 75 83 32 36 18 21 14 23 76 87 88 60 58 61 3 0 0 1 33 76 38 27 49 55 56 49 28 35 76 39 3 36 93 47 159 122 4 59 64 48 55 11 15 15 11 82 44 69 141 158 140 106 59 19 84 88 22 3 9 7 8 28 59 28 2 1 0 0 1 2 1 1 2 1 0 1 1 1 1 1 1 1 1 1 2 2 0 0 0 3 17 78 17 75 1 3 151 0
0 57 2 0 1 4 36 52 9 4 0 1 1 1 9 75 110 51 2 4 44 34 20 3 66 83 16 25 19 21 56 83 36 33 13 17 23 11 72 91 80 71 39 74 4 2 1 9 67 58 23 45 33 57 59 31 45 28 56 72 17 68 79 10 160 119 0 57 85 45 68 51 68 58 32 71 81 65 66 36 10 2 7 20 66 96 46 12 14 4 7 32 64 23 3 1 1 0 0 2 1 1 1 0 0 1 1 0 0 1 1 2 2 2 3 2 1 1 1 3 17 77 18 74 0 2 151 0
0 57 2 0 0 3 36 52 8 4 0 0 0 3 26 104 94 21 4 1 59 27 30 6 49 86 43 39 44 35 35 89 30 32 7 10 23 6 77 94 57 80 7 85 25 4 3 29 81 11 45 48 19 69 70 16 48 46 8 86 36 82 34 37 135 118 0 47 80 49 35 69 74 87 52 83 83 59 57 47 33 12 4 12 49 94 77 15 19 10 18 40 78 67 10 1 1 0 0 1 1 1 0 0 0 1 2 1 1 1 2 1 1 2 3 3 3 3 3 5 18 74 21 70 0 1 150 0
0 57 2 0 0 2 35 51 8 5 0 0 0 3 27 107 84 6 6 6 68 23 37 6 23 74 61 29 20 18 42 93 18 36 6 4 17 12 78 96 34 73 43 69 59 5 0 53 71 35 14 49 55 67 66 54 44 13 35 72 36 71 10 26 114 119 2 29 65 65 52 83 54 77 58 87 68 28 40 41 40 25 4 8 35 77 87 45 9 14 26 71 98 135 68 15 4 2 1 0 0 0 0 0 1 1 1 0 0 0 1 0 0 1 2 2 1 2 2 6 21 71 24 67 0 2 150 0
0 57 1 1 0 2 35 52 8 5 1 1 0 2 25 90 102 54 12 4 64 26 34 9 15 63 65 17 15 15 59 84 20 37 6 6 11 13 65 98 29 49 73 16 78 50 13 71 55 47 30 8 78 44 41 77 11 32 47 53 27 58 36 27 132 122 3 3 11 11 25 83 71 50 34 66 43 31 45 36 42 36 13 5 26 60 75 65 53 27 33 97 74 147 145 87 26 5 3 1 1 0 0 0 1 0 1 1 0 1 0 0 0 0 2 1 1 1 1 6 23 68 27 64 1 2 149 0
0 58 1 1 0 2 36 53 8 4 1 2 1 0 6 50 98 101 65 18 55 28 26 9 16 57 65 4 8 10 86 68 32 37 3 7 6 10 46 96 43 20 71 49 36 84 74 77 61 47 11 54 71 16 14 66 60 11 43 62 39 62 41 37 151 122 4 0 1 3 10 56 56 18 6 40 22 31 50 38 45 44 19 10 16 47 55 55 64 72 72 96 58 78 142 151 93 19 4 2 1 0 0 1 1 1 1 1 0 1 0 0 0 0 1 1 1 0 1 4 25 65 29 62 2 3 148 0
0 58 2 2 1 2 36 53 9 3 1 3 1 0 0 6 50 94 107 67 49 28 27 9 19 48 70 32 11 19 84 59 31 37 6 5 4 9 24 86 63 8 38 78 48 18 70 76 42 37 62 74 36 1 1 32 75 73 49 26 34 25 33 39 147 119 5 2 1 1 3 34 45 33 18 36 5 16 41 40 50 45 19 14 3 29 42 32 34 56 70 71 44 5 62 141 150 75 11 2 2 1 1 1 0 1 0 2 2 2 2 2 2 1 1 1 0 0 1 4 26 61 30 59 2 3 147 0
0 59 2 2 3 4 36 52 10 3 1 4 1 0 0 0 5 39 99 104 46 28 32 8 21 23 76 46 6 28 85 49 29 35 9 0 9 12 0 70 81 18 6 46 79 80 60 50 40 85 80 42 6 1 1 4 34 77 93 50 23 44 72 50 119 116 4 2 2 2 2 15 32 42 49 66 15 28 29 38 54 43 18 20 9 11 31 31 18 25 21 21 22 16 4 74 155 136 44 1 1 1 2 2 2 1 1 1 1 1 1 1 1 1 1 1 1 0 1 3 27 58 32 57 3 5 146 0
0 60 2 1 1 2 36 51 10 3 2 4 2 0 0 1 1 2 58 112 28 18 29 6 22 5 64 61 11 40 81 32 27 30 9 4 36 35 41 37 87 36 1 6 32 63 86 89 48 87 42 6 2 3 1 0 1 31 94 42 43 39 65 6 89 114 6 4 2 1 0 4 13 28 47 86 42 32 21 40 58 39 17 23 15 2 20 28 17 18 8 13 19 12 11 12 105 166 94 7 0 1 1 2 3 3 2 0 1 1 1 1 0 0 1 2 1 1 0 3 28 55 34 53 5 5 146 0
0 58 2 2 1 2 36 51 9 3 2 4 2 0 0 1 0 1 21 97 61 5 17 8 19 8 48 68 66 66 68 15 26 24 8 7 49 42 61 16 80 55 6 0 2 5 17 76 32 77 42 1 2 1 0 0 2 36 87 20 30 39 51 25 71 113 65 59 52 47 42 36 30 30 28 53 28 23 19 44 59 31 13 25 22 3 11 22 12 12 7 12 17 11 8 7 46 159 140 25 1 3 3 3 2 2 2 3 2 0 1 1 2 2 2 2 3 2 2 4 28 52 35 49 6 4 145 0
0 57 1 2 2 0 37 51 8 3 2 4 2 0 0 1 1 0 4 80 91 10 6 13 13 7 24 55 74 66 45 4 22 17 8 7 57 51 40 39 60 69 14 0 1 2 1 62 65 54 66 6 2 1 0 0 4 61 67 57 40 71 21 31 63 98 68 69 72 73 71 67 67 72 81 63 33 5 18 51 59 23 9 23 26 8 5 14 13 8 10 14 14 9 7 5 11 126 167 56 2 3 3 2 1 0 0 2 2 1 1 2 2 1 2 2 2 2 1 3 29 48 36 44 6 3 145 0
0 57 0 1 2 0 37 52 8 4 2 4 2 0 0 0 0 0 0 69 97 15 3 18 7 5 8 3 8 11 6 12 19 14 7 6 49 86 29 73 36 71 27 1 1 1 1 40 82 12 82 32 2 1 1 0 26 82 25 81 43 83 31 25 60 69 6 12 18 23 26 27 28 33 46 46 47 18 22 58 54 15 7 20 28 12 2 7 12 9 9 13 8 8 7 4 4 85 165 95 37 33 31 27 24 20 17 15 12 8 7 6 6 5 4 2 2 2 1 3 31 46 37 42 6 2 145 0
0 58 0 2 2 0 37 51 9 4 2 4 2 0 0 0 0 0 1 61 96 24 8 19 4 3 10 6 5 7 1 13 16 12 7 7 36 111 20 92 13 67 43 3 0 0 1 17 77 46 59 73 25 3 2 21 68 67 34 80 24 67 76 15 82 70 5 4 4 4 8 7 4 4 26 13 48 28 30 65 43 9 7 17 27 16 2 1 5 13 2 17 10 6 5 3 6 45 138 115 67 63 67 68 67 64 62 60 56 48 46 47 49 46 41 34 30 28 26 23 35 43 41 41 7 5 144 0
0 59 0 2 1 1 36 50 10 3 1 4 2 0 0 0 1 0 2 49 95 42 15 15 6 2 8 4 3 6 5 9 14 12 9 4 26 111 64 83 19 61 59 11 1 0 0 2 50 77 9 70 81 58 56 80 76 9 74 56 5 36 90 61 84 74 4 3 4 3 8 5 2 1 28 22 51 35 49 64 26 8 9 16 24 20 5 1 1 11 5 14 15 6 3 1 3 19 101 100 35 34 38 40 39 36 38 43 50 51 51 56 61 64 64 62 61 60 61 60 51 41 43 51 54 48 136 0
0 59 0 2 1 1 35 49 11 2 1 4 2 0 0 0 0 0 2 30 89 68 24 8 7 3 7 5 2 5 6 7 11 10 11 1 4 72 69 69 21 52 70 25 2 0 0 1 17 67 68 9 57 91 93 67 1 68 76 24 1 9 65 79 65 75 4 2 2 1 6 3 1 0 27 24 56 24 70 54 11 6 10 15 19 22 9 13 9 3 10 5 17 12 5 0 3 10 77 92 24 6 11 15 15 10 6 1 8 14 12 20 17 22 28 34 38 41 42 42 28 21 27 41 54 51 122 0
0 59 1 3 1 2 35 48 10 1 0 3 2 2 1 0 0 0 1 11 73 90 41 4 8 4 6 6 2 2 3 4 8 9 12 4 4 4 13 17 14 38 71 41 1 0 0 0 2 26 69 82 61 33 31 57 81 77 34 2 2 3 31 77 35 74 4 1 1 1 4 2 1 1 26 23 41 40 72 32 2 5 11 16 16 20 13 59 43 48 11 3 9 17 9 1 4 11 70 92 31 11 15 12 7 3 2 3 3 5 4 14 7 2 1 6 7 9 10 14 9 1 2 3 5 7 103 0
0 60 2 4 1 2 35 47 11 1 1 2 3 3 3 1 0 0 1 0 54 103 56 6 10 2 5 6 3 2 3 2 6 8 10 6 1 2 1 12 21 32 70 47 2 0 0 0 0 1 20 54 80 95 96 84 60 28 3 0 1 2 21 75 24 74 4 1 2 1 2 3 1 0 21 28 34 48 49 7 2 5 12 16 14 16 6 84 44 88 4 7 0 17 15 14 15 14 65 89 37 8 1 4 3 4 1 2 3 0 5 9 5 4 2 0 0 1 4 12 15 10 1 5 4 3 103 0
0 61 1 5 0 2 35 47 11 1 0 0 1 2 3 3 2 2 3 3 41 109 67 8 11 0 4 7 7 4 1 2 4 8 9 8 3 2 2 8 23 32 75 52 7 0 0 0 0 0 0 6 16 24 24 17 8 3 1 0 0 2 21 76 24 75 3 2 1 1 0 2 1 0 15 35 33 19 5 5 1 6 11 16 13 14 8 100 21 110 27 6 5 10 18 27 33 28 55 90 35 8 2 5 2 2 4 3 2 6 8 5 1 4 4 2 0 0 0 5 12 14 8 3 5 3 106 0
0 62 0 6 1 2 36 49 10 2 0 0 0 0 1 2 3 2 4 4 36 113 70 10 10 2 3 8 12 7 4 4 2 8 8 8 4 3 2 5 20 37 83 56 6 1 0 0 0 0 1 0 2 2 2 1 0 1 1 1 2 4 20 76 24 77 5 4 1 1 0 2 1 1 5 36 52 13 9 3 3 7 11 14 12 12 4 84 34 92 54 5 6 2 15 28 34 29 36 92 37 6 3 2 3 4 3 2 1 9 12 4 3 1 3 3 1 0 0 0 4 12 13 8 3 4 106 0
0 61 0 4 1 0 38 50 8 3 0 0 0 0 0 1 2 1 2 4 33 115 69 10 7 6 3 7 15 9 1 5 2 9 7 6 7 1 2 1 13 30 84 69 6 3 0 0 0 0 1 0 0 0 0 0 1 1 1 1 0 4 19 75 27 78 6 5 3 2 1 1 1 1 1 27 62 21 14 3 4 6 9 11 12 12 4 54 65 69 53 1 5 7 8 26 44 26 9 93 47 4 4 1 4 4 1 1 3 8 14 2 5 2 1 3 3 1 0 1 1 6 12 14 10 1 106 0
0 61 0 3 2 2 40 53 6 4 0 0 0 0 0 0 1 1 0 4 36 116 66 9 6 10 3 10 15 8 1 7 2 8 6 4 8 2 3 3 7 21 72 80 20 3 0 0 0 1 1 2 2 1 1 0 0 0 0 0 0 3 19 73 28 78 3 2 3 4 3 2 3 3 2 19 66 32 15 5 3 4 8 10 13 11 8 12 48 44 43 3 2 4 3 19 41 17 10 91 58 2 4 2 3 2 3 1 2 6 14 4 3 1 1 1 3 3 2 1 1 4 4 9 13 5 105 0
0 61 0 2 0 4 41 54 5 4 0 0 0 0 0 0 0 0 0 3 41 117 61 10 8 11 1 13 14 7 2 7 2 7 7 0 9 5 2 3 3 14 58 86 36 4 0 0 0 1 1 1 1 1 1 1 1 1 1 0 0 3 19 73 30 77 3 1 2 4 4 2 3 3 4 14 67 43 12 6 0 2 7 10 14 11 4 18 9 6 5 6 6 5 4 9 35 16 16 84 70 7 4 2 3 2 2 4 1 7 13 3 1 1 3 2 0 2 2 2 3 6 5 4 8 8 101 0
0 61 0 3 0 3 40 54 5 4 0 0 0 0 0 0 0 0 0 3 47 117 55 11 11 11 6 14 13 5 4 7 1 7 9 1 7 7 1 2 2 9 40 87 54 3 1 0 0 0 0 0 0 1 1 2 2 2 1 1 0 4 19 73 30 77 4 2 2 3 4 2 3 2 3 12 66 51 8 9 2 0 6 12 13 11 21 48 61 47 12 3 5 6 6 3 12 11 12 76 76 13 4 1 2 4 2 2 2 11 13 2 1 1 2 3 1 1 0 1 4 6 6 6 2 6 98 0
0 60 0 3 0 3 40 54 5 5 0 0 0 0 0 0 0 0 0 4 52 118 50 12 13 8 9 15 12 2 4 5 1 7 10 3 5 10 1 2 1 5 29 88 66 4 0 0 1 1 1 0 0 1 1 1 1 0 0 1 1 4 19 73 31 78 3 2 2 3 5 4 4 3 2 12 68 54 7 10 6 5 6 14 11 9 18 61 55 75 23 0 2 3 5 6 3 11 15 69 80 20 3 3 2 1 3 0 2 14 14 0 0 0 2 3 2 2 3 5 6 5 5 5 5 0 97 0
0 60 1 3 0 3 39 54 6 5 0 0 0 0 0 0 0 0 0 4 56 118 47 13 14 8 11 16 9 2 4 2 0 7 12 4 2 12 0 3 2 3 21 87 73 4 0 0 1 1 1 1 0 1 1 1 1 1 0 2 1 5 19 74 32 79 3 1 1 1 3 3 3 2 2 12 73 55 8 7 7 5 5 13 9 8 21 75 31 79 22 44 43 20 4 8 6 5 15 64 87 31 5 3 4 3 3 10 12 2 12 14 7 1 3 2 1 0 5 10 10 8 5 6 5 6 100 0
0 59 1 3 0 2 40 53 5 5 1 1 0 0 0 0 1 1 1 4 57 117 46 14 14 7 13 15 4 4 3 1 0 6 13 4 1 14 2 4 4 7 23 95 73 4 1 0 1 1 1 1 0 0 0 1 1 1 1 2 1 4 20 73 33 81 4 2 1 0 0 1 0 1 2 13 76 56 8 6 6 5 6 10 7 7 5 70 19 67 29 52 55 41 29 33 30 18 7 46 95 50 3 6 9 10 11 14 16 11 6 19 17 11 3 1 4 3 8 9 6 5 5 7 4 9 104 0
0 59 0 2 2 2 40 53 4 4 1 1 0 0 0 1 2 2 3 4 54 114 47 15 14 4 16 13 4 5 4 0 0 5 14 2 4 13 5 4 5 12 29 104 68 2 1 1 0 0 1 1 1 1 1 0 1 1 1 1 1 3 20 73 35 82 4 3 2 2 2 2 0 1 1 13 76 60 5 9 5 5 5 6 6 5 8 62 8 51 39 23 40 26 35 43 51 60 47 13 94 68 8 8 9 11 11 8 4 20 11 7 15 20 18 11 3 6 9 6 5 2 3 5 1 8 105 0
0 59 2 1 0 3 42 55 3 5 1 2 2 2 1 1 1 1 1 3 51 112 49 15 13 1 15 8 7 5 5 1 1 5 14 1 6 11 7 4 6 15 40 111 57 4 5 5 4 4 5 6 6 7 8 9 8 7 7 8 10 10 24 75 35 83 3 2 2 1 2 2 2 3 3 13 76 66 2 11 6 4 1 4 6 3 9 62 12 49 22 32 22 25 20 13 37 40 55 19 81 80 20 5 5 2 3 4 9 17 8 3 1 7 16 19 15 12 11 5 1 3 4 2 2 5 104 0
0 65 17 16 13 13 40 56 13 14 15 15 15 17 17 18 16 15 14 14 45 105 49 13 12 0 13 6 3 6 4 2 3 3 14 2 7 9 9 3 6 17 42 101 48 43 43 41 40 40 40 41 41 41 42 44 44 42 42 42 43 43 48 91 29 83 4 2 1 1 1 1 2 2 2 11 76 71 2 11 6 3 3 6 6 0 9 58 14 38 15 20 15 25 0 22 33 12 68 37 62 83 30 6 3 2 5 5 10 14 4 0 3 4 1 11 15 11 9 5 5 4 3 2 1 3 104 0
0 114 96 97 97 98 84 71 47 50 54 54 53 53 53 53 52 50 49 49 50 89 44 12 12 1 12 2 1 6 3 2 5 1 14 4 8 7 12 1 9 18 44 89 37 33 31 31 30 27 26 25 25 24 22 21 20 20 19 19 18 19 33 98 21 82 5 3 3 2 1 0 0 1 2 10 76 74 4 11 4 2 4 6 5 2 8 41 23 19 26 8 10 33 17 28 46 22 65 21 43 79 39 6 3 1 2 2 10 13 5 4 3 2 2 1 7 5 5 2 2 1 1 1 2 1 104 0
0 128 73 76 79 82 70 52 32 25 26 26 25 23 21 19 20 20 22 22 26 72 41 10 13 2 14 1 1 5 5 4 6 1 14 7 9 4 15 1 11 19 44 76 20 9 11 10 9 9 10 11 12 13 15 16 16 16 16 16 16 14 31 103 15 83 5 3 3 3 1 0 0 2 2 9 75 79 7 12 1 2 3 6 5 3 4 25 24 37 27 41 39 17 24 17 35 27 47 13 42 63 39 7 2 3 2 0 12 13 4 3 3 1 1 1 3 2 2 3 3 2 1 1 2 1 105 0
0 131 40 40 39 38 32 26 25 28 31 29 28 28 28 29 28 27 26 26 30 70 48 10 12 3 13 1 3 4 6 6 8 3 13 9 10 0 15 4 10 18 52 82 24 15 15 15 14 12 11 11 13 14 15 15 15 14 13 13 13 13 29 94 23 83 4 2 2 4 3 2 0 2 1 7 72 85 12 12 1 2 3 6 6 3 1 12 3 27 28 41 40 27 18 17 17 17 14 19 37 47 40 10 1 1 1 1 14 14 1 1 1 2 0 2 3 2 2 2 3 3 1 0 1 1 105 0
0 119 42 43 43 44 40 34 26 24 24 24 24 23 22 21 21 21 21 21 25 76 60 9 10 4 10 3 3 1 3 5 9 4 12 11 9 2 14 6 7 17 58 86 23 17 17 17 17 16 16 16 16 16 16 16 16 15 15 16 18 19 32 87 31 84 4 0 1 3 4 3 1 3 1 3 64 91 19 12 2 4 5 7 8 3 7 18 6 17 9 20 13 32 32 35 25 5 34 36 21 26 39 19 2 2 1 1 16 14 1 1 1 2 1 3 3 2 3 3 1 3 3 3 3 2 107 0
0 101 17 17 17 16 16 18 16 17 17 17 17 16 15 16 17 16 16 15 19 81 72 5 8 4 7 2 2 4 3 3 10 6 12 12 8 4 13 9 4 13 69 95 26 22 22 23 24 26 27 26 25 23 22 21 21 23 25 26 25 25 34 76 43 85 4 0 0 1 2 3 1 3 0 1 54 95 27 10 4 7 5 7 9 4 11 16 14 13 3 23 16 7 17 29 32 40 47 28 16 15 34 29 2 3 3 2 15 14 1 1 1 1 3 6 3 4 4 1 0 1 3 4 5 4 109 0
0 94 19 20 20 19 21 23 22 22 21 22 22 22 22 23 23 23 23 23 24 87 85 4 11 3 9 7 9 7 5 1 12 7 13 13 6 6 12 12 2 9 77 98 26 23 23 24 26 27 27 26 26 25 24 23 23 25 26 26 24 23 31 66 52 87 4 2 1 1 2 2 1 2 0 2 45 96 35 8 5 8 6 5 9 2 11 10 16 7 8 16 22 7 0 4 11 71 63 25 16 5 30 36 7 1 3 6 18 12 3 1 0 0 1 5 6 9 6 4 2 5 3 5 6 15 115 0
0 88 9 8 8 10 13 15 13 11 10 11 12 13 13 12 12 12 13 14 15 93 94 9 14 4 9 9 8 7 9 6 11 7 12 13 3 8 8 15 1 7 85 97 13 6 7 6 6 5 4 4 5 5 5 6 7 6 4 4 4 5 22 58 59 88 4 3 4 3 2 2 2 2 1 2 35 95 48 5 3 6 5 2 10 2 12 1 17 3 10 8 23 13 4 3 10 79 68 26 17 0 20 39 16 1 1 7 20 12 5 2 1 0 0 2 4 7 4 8 3 9 4 3 21 50 109 0
0 86 3 0 0 1 5 7 5 2 0 0 0 1 1 1 1 2 2 3 9 93 100 13 15 5 12 11 6 3 7 10 5 4 6 13 1 9 4 16 4 10 89 91 10 1 3 1 1 1 1 1 1 1 1 0 2 2 2 1 0 2 20 56 61 90 4 4 5 6 4 2 1 2 1 2 24 92 64 1 2 4 4 2 10 5 10 8 13 10 7 1 17 19 4 3 8 80 75 28 26 4 16 37 21 2 1 8 18 10 2 2 2 1 1 2 5 3 6 9 2 10 8 35 61 64 87 0
0 86 4 0 0 1 4 7 6 2 1 0 1 1 1 1 1 1 2 3 6 88 105 18 18 3 14 11 6 3 2 4 5 2 3 12 5 10 1 18 8 13 89 83 7 1 2 1 1 0 1 0 1 0 1 1 1 3 3 2 2 2 20 56 62 91 4 2 3 4 5 2 2 2 2 2 13 87 79 4 6 2 3 5 10 9 10 13 9 15 3 3 9 20 10 3 4 75 82 23 26 3 8 37 29 1 1 6 15 20 16 8 1 3 2 3 4 1 7 7 2 5 35 64 59 30 58 0
0 87 4 1 0 1 4 6 5 1 0 0 0 0 0 0 0 0 1 0 3 73 112 31 22 2 20 8 3 4 5 4 11 3 3 11 7 11 3 19 11 13 88 84 9 0 2 1 0 0 0 0 0 0 1 2 1 1 0 1 2 2 19 55 62 92 3 0 1 1 5 5 5 4 3 1 6 80 89 10 9 1 2 6 9 13 8 19 3 19 0 6 5 15 14 4 5 72 84 21 30 6 15 34 24 1 2 0 3 10 17 18 10 1 1 2 3 1 6 4 4 4 44 60 21 3 53 0
0 87 5 1 0 2 4 6 5 1 0 0 0 0 0 0 0 0 0 0 3 57 117 45 25 8 22 5 2 5 6 2 12 4 3 10 8 11 6 19 14 10 80 93 18 0 2 1 0 0 0 0 0 0 2 3 2 3 4 3 2 2 18 55 62 93 3 2 3 2 3 4 3 3 2 1 5 76 92 15 11 1 1 5 6 14 2 17 6 16 5 5 6 9 13 5 9 68 79 13 30 15 33 35 17 2 1 2 3 3 5 16 18 11 2 1 1 1 3 6 6 10 58 61 8 4 57 0
0 88 5 1 0 2 4 6 4 1 0 0 0 0 0 0 0 0 0 0 4 41 116 54 21 15 20 1 3 7 5 2 13 6 3 9 7 10 9 17 19 1 65 99 29 0 2 1 0 0 0 0 0 0 2 4 1 0 1 1 0 3 17 55 62 93 4 4 4 3 1 1 2 4 2 0 3 70 96 20 11 3 3 3 3 13 3 14 12 11 11 2 5 3 9 7 8 66 74 4 26 21 37 19 3 1 2 1 0 3 3 5 16 18 7 1 2 2 2 5 5 5 49 67 13 4 58 0
0 88 5 1 2 2 4 6 4 1 0 0 0 0 0 0 0 0 0 0 3 32 113 58 12 20 13 2 6 6 2 4 13 10 8 8 6 8 11 13 23 2 52 100 38 1 2 1 0 0 0 0 0 0 1 4 2 0 0 0 0 4 17 55 62 94 2 0 1 4 3 1 3 4 1 0 1 62 100 28 12 4 4 3 1 10 7 9 15 3 17 2 2 0 4 7 6 62 70 8 17 20 30 4 2 3 1 3 2 3 2 1 8 20 12 3 1 2 3 1 0 2 40 69 23 4 58 0
0 88 6 1 1 1 3 6 4 1 0 0 0 0 0 1 0 1 0 0 4 28 108 63 1 19 7 4 7 4 2 7 15 11 5 2 2 5 13 8 25 7 42 97 48 2 1 2 1 1 1 1 0 0 1 4 3 0 0 0 0 4 17 56 61 93 6 5 3 3 4 2 1 3 2 0 1 57 104 35 10 4 4 3 4 8 9 6 16 5 19 9 3 4 3 5 4 58 69 17 17 18 15 0 3 8 13 15 12 8 3 2 3 16 18 3 3 3 4 1 0 3 28 70 36 4 57 0
0 88 6 0 0 0 3 6 3 1 0 0 0 0 0 0 0 0 1 1 4 24 99 71 12 17 5 6 6 0 4 8 16 10 3 2 2 2 13 3 24 10 35 96 59 1 1 1 0 2 1 2 0 0 0 3 3 1 0 0 0 5 18 57 60 91 4 3 4 3 3 3 2 2 1 0 2 59 106 36 11 7 1 4 7 4 12 3 16 13 18 16 2 1 7 5 6 54 72 24 13 10 5 1 10 18 22 24 24 20 13 2 2 10 20 9 3 3 4 2 1 3 19 68 44 4 57 0
0 88 5 0 0 1 5 5 2 1 1 0 0 0 0 1 1 0 1 1 3 17 88 82 24 14 4 7 5 2 5 8 14 5 7 4 3 0 12 2 23 14 24 87 75 12 1 1 2 3 2 2 1 0 0 3 3 2 0 0 0 5 18 57 60 91 5 1 1 1 2 3 3 2 0 1 2 68 106 31 11 9 1 7 8 0 15 1 14 17 14 20 3 2 9 7 10 53 76 25 10 3 3 7 20 21 12 6 11 20 24 12 2 3 19 13 1 2 6 3 2 3 13 67 50 3 56 0
0 89 5 0 0 1 5 4 1 3 2 1 0 0 0 0 0 1 1 2 3 17 85 89 29 8 1 6 5 4 5 7 11 4 7 3 3 1 12 5 21 19 12 69 89 31 1 0 0 3 2 2 1 0 0 0 2 3 2 2 1 5 19 53 74 102 34 30 27 23 20 17 15 13 10 9 6 80 106 21 11 10 0 9 10 3 19 2 12 18 4 21 4 2 6 8 9 53 77 26 9 4 2 16 23 12 1 2 1 9 24 20 6 0 15 17 2 3 5 3 1 4 10 67 55 2 56 0
0 90 5 1 0 1 4 4 1 0 1 1 1 0 0 0 1 1 1 1 2 30 95 85 20 1 4 4 4 5 6 5 8 3 6 4 3 1 12 9 19 27 5 41 94 54 2 0 0 2 2 1 0 0 0 0 1 3 3 4 4 2 20 48 84 104 24 26 30 33 35 37 36 34 31 29 28 92 115 21 10 9 2 9 9 7 20 4 9 15 5 16 10 1 8 14 1 53 76 24 7 8 1 23 19 0 2 0 2 1 17 24 8 0 13 20 5 4 4 3 2 3 8 66 57 1 56 0
0 89 4 1 1 1 2 3 2 1 2 1 0 0 1 1 2 2 3 3 1 52 104 63 5 4 5 2 1 3 5 4 6 4 2 3 1 2 10 12 14 31 8 16 84 76 12 0 0 1 2 1 0 0 0 1 0 0 1 2 2 0 22 47 83 105 36 30 25 19 13 8 4 3 5 6 7 91 117 24 9 8 3 10 6 10 16 6 7 8 12 6 14 12 4 15 8 55 72 21 8 9 13 28 15 6 3 1 0 1 10 27 13 3 13 23 8 3 1 2 3 3 8 66 57 1 57 0
0 90 6 4 5 5 4 4 3 1 0 0 0 1 0 1 2 3 4 3 13 81 106 41 7 6 11 10 8 8 6 2 7 12 10 8 7 6 8 15 11 33 18 9 65 92 31 1 2 2 3 3 2 2 2 1 2 3 3 3 4 5 23 53 65 96 38 36 37 38 39 39 37 33 30 28 26 87 114 27 8 9 5 11 2 14 9 9 9 2 11 5 9 17 18 3 18 62 67 19 18 23 36 43 36 35 37 37 35 34 34 43 31 20 19 28 15 13 11 9 7 7 11 68 56 3 58 0
0 38 66 66 66 66 68 68 70 71 71 71 71 71 71 71 70 70 70 70 68 107 125 131 140 140 139 140 143 145 144 142 139 137 136 137 138 137 138 142 141 137 129 126 112 115 77 70 71 70 70 70 70 70 69 68 69 69 69 69 68 68 65 72 75 104 100 100 101 103 103 104 105 105 105 104 102 104 101 40 29 33 34 33 32 34 32 32 30 32 36 40 40 34 30 31 38 76 82 80 83 79 79 86 94 96 91 88 84 82 76 69 58 52 58 68 72 74 73 75 78 81 83 91 74 47 60 0
0 65 80 82 81 82 82 83 84 85 85 85 85 85 85 85 86 86 86 84 93 135 173 199 203 204 207 210 209 204 199 198 201 202 200 198 198 197 198 203 205 198 184 179 165 140 102 80 81 81 82 81 80 79 80 80 80 81 81 82 82 82 75 60 59 79 100 103 106 106 107 106 106 107 108 110 111 92 69 22 13 16 18 16 13 16 16 18 15 15 17 19 24 27 23 18 18 54 77 95 107 119 131 140 146 150 151 152 152 153 148 136 123 112 113 120 126 129 126 125 124 125 121 102 75 52 43 0
0 0 0 0 0 0 0 0 0 0 0 0 0 0 0 0 0 0 0 0 0 0 0 0 0 0 0 0 0 0 0 0 0 0 0 0 0 0 0 0 0 0 0 0 0 0 0 0 0 0 0 0 0 0 0 0 0 0 0 0 0 0 0 0 0 0 0 0 0 0 0 0 0 0 0 0 0 0 0 0 0 0 0 0 0 0 0 0 0 0 0 0 0 0 0 0 0 0 0 0 0 0 0 0 0 0 0 0 0 0 0 0 0 0 0 0 0 0 0 0 0 0 0 0 0 0 0 0
