Convolved Image for Digit: 3
0 0 0 0 0 0 0 0 0 0 0 0 0 0 0 0 0 0 0 0 0 0
0 0 0 0 0 0 0 0 0 0 0 13 131 262 615 870 1241 1268 1149 785 392 138
0 0 0 0 0 0 0 0 0 0 111 478 1091 2071 2962 3965 4282 4278 3303 2106 879 212
0 0 0 0 0 0 0 75 200 586 1225 2395 3836 5261 6688 7173 7789 6959 5481 3188 1314 309
0 0 0 0 0 33 235 720 1555 2661 4123 5644 7121 8410 8644 9427 9240 8643 6495 3957 1474 391
0 0 0 0 57 437 1234 2684 4285 6057 7224 8217 8721 8511 8581 8553 8986 8460 6874 3792 1586 290
0 0 0 24 334 1296 3085 5249 7187 8061 8068 7772 7025 6299 6054 6731 8060 8299 6443 3627 1273 250
0 0 0 57 639 2100 4337 6562 7474 6842 5988 4742 3981 3547 4273 6134 7900 7854 5662 2791 917 119
0 0 0 57 665 1969 3966 5284 4969 4211 2549 2162 1852 2695 4501 6672 8037 6651 4271 1742 488 71
0 0 0 33 379 1198 2356 2564 2580 1167 1095 893 1901 3877 6014 7911 6920 5115 2402 847 235 0
0 0 0 0 107 449 781 1129 718 1013 1055 2178 4051 6070 7790 7020 5316 2819 980 427 0 0
0 0 0 0 11 292 747 1353 2090 2761 3783 5190 6870 8112 7354 5670 3143 1190 549 18 0 0
0 0 0 7 262 993 2330 3819 5247 6168 6805 7971 8654 8381 6936 4389 2025 804 67 0 0 0
0 0 0 117 647 2154 4171 6604 7889 8200 8340 8171 8262 7799 6535 4135 2209 635 157 1 0 0
0 0 0 132 945 2449 4979 6859 7648 7422 6492 5861 5974 6758 6184 5093 2793 1295 318 34 0 0
0 0 0 125 606 1944 3410 4680 4920 4380 3306 2983 4070 5321 6764 5685 4006 1679 486 21 0 0
0 0 0 15 316 750 1619 1890 2076 1529 1246 1511 2945 5601 6856 6598 4089 1706 346 34 0 0
0 24 202 382 551 705 595 593 370 385 634 1790 4092 6363 7561 5957 3333 1081 282 20 0 0
24 323 958 1780 2128 1884 1074 295 90 437 1485 3619 5833 7758 6645 4653 1780 718 71 0 0 0
121 786 2232 3638 4410 3468 1800 838 652 1574 3577 5759 7898 7169 5469 2503 1024 207 3 0 0 0
210 1174 2964 5141 5846 4918 3512 2559 2898 4358 6196 8070 7704 6000 3357 1184 430 6 0 0 0 0
186 1029 2855 4848 5881 5564 4700 4276 4750 5780 7120 7043 5790 3785 1341 648 44 0 0 0 0 0

