Convolved Image for Digit: 1
0 0 0 0 0 0 0 47 290 446 642 508 352 109 0 0 0 0 0 0 0 0
0 0 0 0 0 0 47 457 1114 1890 1956 1603 646 108 0 0 0 0 0 0 0 0
0 0 0 0 0 0 167 996 2402 3470 3824 2339 1018 301 7 0 0 0 0 0 0 0
0 0 0 0 0 0 328 1596 3387 5332 4841 3424 1553 403 22 0 0 0 0 0 0 0
0 0 0 0 0 0 464 1953 4406 6262 6139 4313 1979 578 82 0 0 0 0 0 0 0
0 0 0 0 0 22 621 2310 5059 7075 7234 5154 2725 997 275 0 0 0 0 0 0 0
0 0 0 0 0 33 696 2467 5246 7632 7908 6184 3664 1559 327 0 0 0 0 0 0 0
0 0 0 0 0 33 642 2219 5023 7360 8382 6858 4564 1663 505 0 0 0 0 0 0 0
0 0 0 0 0 11 423 1809 4263 7003 8234 7501 4613 2018 504 0 0 0 0 0 0 0
0 0 0 0 0 0 245 1339 3616 6324 8116 7352 4780 2122 557 53 0 0 0 0 0 0
0 0 0 0 0 0 99 1032 2930 5872 7656 7327 5052 2409 780 116 0 0 0 0 0 0
0 0 0 0 0 0 52 736 2588 5349 7434 7558 5403 2864 968 169 0 0 0 0 0 0
0 0 0 0 0 0 5 611 2224 4944 7222 7626 5767 3331 1158 315 0 0 0 0 0 0
0 0 0 0 0 0 0 456 1836 4330 6739 7444 6270 3715 1640 389 34 0 0 0 0 0
0 0 0 0 0 0 0 266 1314 3584 5929 7474 6617 4521 1992 646 92 0 0 0 0 0
0 0 0 0 0 0 0 82 920 2704 5394 7202 7137 4966 2569 873 137 0 0 0 0 0
0 0 0 0 0 0 0 0 589 2087 4740 6919 7276 5654 3302 1249 393 65 0 0 0 0
0 0 0 0 0 0 0 0 376 1598 4077 6252 7461 6471 4153 2264 778 215 13 0 0 0
0 0 0 0 0 0 0 0 169 1175 2923 5565 7128 7068 5743 3346 1663 495 139 0 0 0
0 0 0 0 0 0 0 0 76 584 2044 4153 6343 7402 6588 4750 2403 1031 173 0 0 0
0 0 0 0 0 0 0 0 0 243 996 2769 4628 6356 6077 4580 2587 758 139 0 0 0
0 0 0 0 0 0 0 0 0 21 453 1152 2898 3610 4209 3035 1528 530 160 0 0 0

