Convolved Image for Digit: 9
0 0 0 0 0 0 0 0 0 0 0 0 0 0 0 0 0 0 0 0 0 0
0 0 0 0 0 0 0 0 0 0 0 0 0 0 0 0 0 0 0 0 0 0
0 0 0 0 0 0 0 0 0 0 0 0 0 0 0 0 0 0 0 0 0 0
0 0 0 0 0 0 0 0 0 0 123 367 745 1114 1198 1068 649 321 73 0 0 0
0 0 0 0 0 0 0 0 21 351 992 2177 3345 4166 4151 3115 2016 822 298 51 0 0
0 0 0 0 0 0 0 44 480 1382 3211 5017 6908 7486 6838 5584 3384 1820 614 134 98 49
0 0 0 0 0 0 35 493 1516 3607 5511 7756 8143 8289 8007 6533 4793 2338 1029 422 327 237
0 0 0 0 0 12 315 1328 3343 5234 7302 6792 6554 6532 6975 6847 5027 2956 1367 767 695 360
0 0 0 0 0 74 789 2511 4624 6724 6213 5164 4106 5145 6498 6964 5425 3101 1572 1051 830 423
0 0 0 0 0 233 1436 3488 6061 6889 6154 4558 4789 5965 7579 7480 5467 3091 1506 991 664 345
0 0 0 0 13 453 1852 4345 6786 7692 7101 6764 7170 8237 8765 7668 5227 2700 1131 699 543 269
0 0 0 0 13 492 1844 4169 6554 7570 8005 8345 8725 9315 8829 7077 4289 1755 840 722 537 467
0 0 0 0 13 322 1214 3075 4527 6072 6687 7498 8358 8686 7820 5556 2537 1065 793 701 918 344
0 0 0 0 0 103 588 1303 2498 3088 4435 5661 7080 7580 6227 3454 1230 683 512 922 672 400
0 0 0 0 0 2 111 390 640 1501 2715 4824 6485 6554 4406 1743 696 202 401 582 459 180
0 0 0 0 0 0 2 21 243 1131 3103 5193 6662 5273 2721 1050 168 74 164 296 90 148
0 0 0 0 0 0 0 37 621 2121 4321 6369 6059 3910 1532 477 26 0 74 0 74 0
0 0 0 0 0 0 3 359 1491 3686 5726 6698 4844 2284 850 132 0 0 0 0 0 0
0 0 0 0 0 0 163 1024 2969 5113 6959 5653 3350 1195 355 0 0 0 51 51 102 51
0 0 0 0 0 46 622 2157 4463 6705 6545 4557 1791 690 20 0 0 51 192 294 333 243
0 0 0 0 6 263 1396 3517 5921 7075 5544 2865 1048 178 2 0 0 141 414 594 687 351
0 0 0 0 52 730 2412 4772 6824 6169 4096 1459 536 20 0 0 0 222 483 798 693 345

