Convolved Image for Digit: 5
0 0 0 0 0 0 0 0 0 0 0 0 0 0 0 0 0 0 0 0 0 0
0 0 0 0 0 0 0 0 0 0 0 0 0 0 0 0 0 32 160 307 425 412
0 0 0 0 0 0 0 0 0 0 0 0 0 3 51 169 478 950 1625 2206 2306 1908
0 0 0 0 0 0 0 0 0 0 23 96 302 641 1171 1898 2756 3784 4631 5013 4631 3194
0 0 0 0 0 0 0 59 256 547 1024 1589 2362 3220 4086 4885 5486 5836 6044 5741 4689 3389
0 0 0 0 0 0 115 615 1449 2701 3761 4790 5313 5780 5959 5826 5413 5049 4495 3946 3335 2124
0 0 0 0 0 64 621 1808 3748 5407 6714 6495 6188 5526 4820 4023 3361 2723 2066 1772 1282 1085
0 0 0 0 18 455 1602 3750 5696 7382 6588 5789 4386 3456 2475 1853 1285 698 523 289 267 110
0 0 0 15 382 1358 3464 5527 7652 6946 6128 4564 3832 2845 2147 1274 744 357 102 1 0 0
0 0 14 400 1302 3395 5560 8140 8133 7582 6257 5760 5090 4473 3692 2912 1901 1012 356 99 0 0
0 9 260 1152 3098 5268 7919 8321 8026 6939 6429 5860 5675 5617 5493 4748 3511 2033 903 245 15 0
0 114 626 2067 3862 6258 6713 6453 5535 4900 4403 4224 4411 4920 5629 5672 4853 3212 1518 410 23 0
65 439 1281 2505 4093 4576 4195 3314 2642 2239 1905 1894 2063 3050 4421 5699 5580 4108 1861 575 46 0
302 1076 2271 3365 3730 2930 1886 1181 696 445 356 332 535 1440 3407 5249 5876 4211 2093 579 23 0
470 1623 3141 4385 3939 2718 1570 567 194 10 0 0 90 998 2962 5135 5701 4188 1969 476 31 0
470 1589 3521 4716 4860 4077 2593 1566 656 290 82 0 164 1252 3337 5364 5701 3874 1630 361 0 0
233 1122 2648 4169 5262 5137 4565 3216 2344 1514 1088 1070 1465 2825 4826 6208 5596 3140 1156 187 0 0
65 508 1376 2901 4176 5456 5423 5342 4526 3962 3768 3708 4370 5516 6547 6553 4344 2068 622 86 0 0
0 110 526 1264 2746 3787 5167 5511 5735 5817 5594 5847 6212 6546 6392 4649 2659 946 356 3 0 0
0 0 75 452 974 2160 3009 3978 4711 4858 5181 5299 5356 5066 4000 2569 1019 584 9 0 0 0
0 0 0 40 281 602 1197 1857 2250 2704 2939 2984 2876 2474 1691 806 478 9 0 0 0 0
0 0 0 0 10 80 216 376 590 807 842 913 848 626 351 198 3 0 0 0 0 0

