Convolved Image for Digit: 8
0 0 0 0 0 0 0 21 164 410 785 1107 1257 1292 1103 924 626 376 159 26 0 0
0 0 0 0 0 0 45 413 1099 2274 3374 4204 4384 4080 3718 3083 2410 1549 752 338 96 6
0 0 0 0 0 90 540 1547 3333 5185 6897 7374 7171 6871 6256 5867 4834 3335 2160 860 291 21
0 0 0 0 97 637 1778 3890 5955 8076 8360 8043 7558 6850 7024 6900 6371 5540 3379 1950 589 190
0 0 0 31 581 1753 4037 6204 8281 7989 7057 5938 4695 4719 5065 5921 6898 6251 5205 2748 1356 287
0 0 0 314 1397 3591 6043 8331 7854 6352 4436 2470 2103 1967 2546 4101 5614 6857 5678 4162 1794 601
0 0 79 790 2611 5071 7891 7902 6475 4131 1508 957 397 389 921 2314 4632 6236 6530 4719 2386 840
0 0 226 1319 3403 6375 7758 6976 4951 1802 942 77 2 0 369 1683 4097 6206 6785 4872 2538 606
0 0 308 1437 3795 6406 7306 6645 3816 2279 864 562 401 514 978 2602 4930 6833 6674 4360 1773 466
0 0 229 1217 3370 5653 7138 6575 5257 3674 2950 2446 2436 2595 3474 5043 6741 7459 5555 3109 1015 261
0 0 82 763 2357 4333 6334 6749 6788 6391 5845 5798 5641 5936 6547 7725 8049 6569 4382 1642 629 21
0 0 0 365 1082 3020 4507 6737 7843 8378 8672 8277 8185 8269 8904 9037 8119 6166 3163 1399 353 18
0 0 0 41 574 1613 4003 6304 8461 9340 8792 8237 7899 8138 8747 8837 8081 6010 3479 1785 424 113
0 0 0 9 511 1928 4310 7009 8623 7952 6763 5483 5077 5825 6551 7614 7750 6549 4804 2423 1039 262
0 0 0 194 1158 3170 5728 7945 7494 5897 3728 2287 2454 2764 4048 5763 6966 7256 5857 3727 1725 491
0 0 0 515 2080 4444 7268 7537 6191 3617 1380 846 539 863 2074 3770 6000 7442 6699 4909 2278 886
0 0 79 931 2840 5720 7594 7053 4916 1980 850 45 0 230 1037 2937 5701 7418 7589 5157 2730 760
0 0 175 1173 3300 6193 7527 6924 4433 2383 969 631 638 1032 2080 4162 6610 8185 7285 4750 2112 498
0 0 175 1111 3220 5932 7495 7418 5749 4036 3080 2754 3101 3802 5102 6571 8290 7959 6068 3499 1058 388
0 0 96 797 2627 4869 7154 7702 7366 6674 5990 6119 6519 7176 7603 8570 7928 6456 4268 1460 737 39
0 0 0 469 1493 3614 5330 6867 7396 7336 7392 7414 7616 7607 7738 6913 5655 4007 1642 953 140 6
0 0 0 131 736 1772 3128 4298 5023 5395 5403 5496 5503 5392 4827 3955 2798 1478 831 225 12 0

