Convolved Image for Digit: 4
0 0 0 0 0 0 0 0 0 0 0 0 0 0 0 0 0 0 0 0 0 0
0 0 0 0 0 0 0 0 0 64 319 638 829 829 510 255 0 0 0 0 0 0
0 0 0 0 0 0 0 0 64 638 1531 2742 2997 2550 1275 255 0 0 0 0 0 0
0 0 0 0 0 0 0 0 510 1658 3889 5229 5738 3827 1659 703 192 128 0 0 0 0
0 0 0 0 0 0 0 191 1211 3378 5802 7778 6761 4721 2873 1596 894 255 0 0 0 0
0 0 0 0 0 0 0 510 2167 4590 7713 8035 7525 5743 4338 3191 1339 383 0 0 0 0
0 0 0 0 0 0 64 957 2870 5993 7971 8416 7846 6696 6316 3889 1786 510 0 0 0 0
0 0 0 0 0 0 192 1341 3573 6634 8035 8610 7779 8292 6757 4591 2040 510 0 0 0 0
0 0 0 0 0 0 384 1788 4340 6954 8101 8099 8165 8160 7142 4527 1913 383 0 0 0 0
0 0 0 0 0 64 767 2490 5297 7210 7910 7465 7653 8227 7142 4910 2424 1211 574 255 64 0
0 0 0 0 0 192 1214 3383 6063 7783 7784 7337 8227 8673 8225 6186 4590 2870 1531 575 128 0
0 0 0 0 0 384 1788 4213 7209 8420 8675 8482 9183 9691 9182 8415 6696 4528 2362 894 128 0
0 0 0 0 64 767 2490 5424 8037 9629 9629 9819 10201 10201 10391 9564 7779 5104 2553 639 128 0
0 0 0 0 192 1086 3255 6061 8800 9501 9946 9882 10009 10391 10200 9181 6760 4147 1341 511 64 0
0 0 0 0 192 1213 3127 5996 7334 8163 8034 8352 9243 10008 9499 7396 4974 1851 893 192 0 0
0 0 0 0 128 766 2489 3891 5168 5039 5485 6693 8988 9690 8415 6184 2615 1275 192 0 0 0
0 0 0 0 0 447 1021 2170 2170 2617 3634 6312 8734 9307 8096 4781 2231 510 0 0 0 0
0 0 0 0 0 64 383 575 703 1340 3317 6185 8798 9244 7522 4399 1721 383 0 0 0 0
0 0 0 0 0 0 64 64 192 1277 3381 6633 8799 9054 7078 3890 1532 319 0 0 0 0
0 0 0 0 0 0 0 0 256 1405 3893 6825 8928 8609 6377 3255 1212 128 0 0 0 0
0 0 0 0 0 0 0 0 320 1597 4021 7017 8354 7779 5039 2424 511 128 0 0 0 0
0 0 0 0 0 0 0 0 320 1469 3702 5932 6759 5547 3252 893 447 0 0 0 0 0

