Convolved Image for Digit: 7
0 0 0 0 0 0 0 0 0 0 0 0 0 0 0 0 0 0 0 0 0 0
0 0 0 0 0 0 0 0 0 0 0 0 0 0 0 0 0 0 0 0 0 0
0 0 0 0 0 0 0 0 0 0 0 0 0 0 0 0 0 0 0 0 0 0
0 0 0 0 81 290 625 837 882 631 338 84 0 0 0 0 0 0 0 0 0 0
0 0 0 95 593 1485 2607 3265 3032 2103 981 392 171 61 44 22 9 0 0 0 0 0
0 0 14 352 1465 3333 5339 6324 5792 4075 2883 2058 1631 1445 1121 712 343 113 12 0 0 0
0 0 49 803 2510 5173 7758 8786 8031 7047 5814 5118 4807 4227 3324 2190 1174 449 160 0 0 0
0 0 198 1280 3472 6515 8989 9534 9288 8170 7540 7393 7275 6943 5896 4196 2476 1089 248 19 0 0
0 0 333 1623 3991 7139 8816 9189 8225 7098 6617 6929 7734 8034 7547 6007 3814 1711 580 110 0 0
0 0 368 1555 4131 6796 8503 8227 6636 4706 4151 4697 5731 7267 7725 7065 4887 2610 981 195 5 0
0 0 244 1325 3630 6279 8076 7698 5470 3239 2124 2019 3579 5431 7371 7463 5847 3523 1346 379 20 0
0 0 103 1002 2828 5443 7201 6813 4792 2470 838 828 1945 4478 6658 7840 6525 4003 1667 385 5 0
0 0 33 603 1876 3931 5151 5058 3453 1591 485 351 1621 3874 6815 7836 6745 4094 1534 368 20 0
0 0 8 264 951 2055 2740 2677 1776 798 276 415 1807 4394 7090 7928 6515 3436 1348 216 0 0
0 0 0 53 323 649 947 911 533 312 105 684 2477 5140 7636 7646 5561 2776 807 124 0 0
0 0 0 0 45 92 161 116 116 24 132 1063 3043 6004 7708 7111 4768 1916 636 22 0 0
0 0 0 0 0 0 0 0 0 0 207 1255 3519 6314 7512 6664 3759 1623 261 0 0 0
0 0 0 0 0 0 0 0 0 0 225 1387 3718 6336 7323 5904 3297 1056 197 0 0 0
0 0 0 0 0 0 0 0 0 0 271 1575 3991 6491 7084 5488 2590 925 79 0 0 0
0 0 0 0 0 0 0 0 0 0 424 1920 4487 6657 6853 4570 2134 487 37 0 0 0
0 0 0 0 0 0 0 0 0 29 723 2487 5103 6859 6153 3780 1384 336 22 0 0 0
0 0 0 0 0 0 0 0 0 153 1200 3276 5870 6761 5516 2683 1038 121 0 0 0 0

