Convolved Image for Digit: 2
0 0 55 600 1423 2689 3371 3648 3069 2249 1577 832 339 101 3 0 0 0 0 0 0 0
0 0 300 1368 3324 5219 6844 6648 5965 5135 3540 2192 953 310 47 0 0 0 0 0 0 0
0 0 514 2000 4287 7257 8389 8959 8819 7573 6016 3721 1949 637 147 0 0 0 0 0 0 0
0 0 488 1718 4213 6444 8186 9347 9489 9172 7501 5426 2709 1113 210 4 0 0 0 0 0 0
0 0 243 1042 2735 4226 6229 7430 8669 9117 8634 6167 3783 1399 437 27 0 0 0 0 0 0
0 0 29 485 1012 2301 3362 5169 7032 8784 8722 7161 4291 1967 521 31 0 0 0 0 0 0
0 0 0 61 324 636 1669 3409 6016 8351 9085 7611 4948 2112 624 54 0 0 0 0 0 0
0 0 0 0 32 160 973 2951 5800 8495 9242 7863 4833 2159 547 30 0 0 0 0 0 0
0 0 0 0 0 111 1074 3145 6169 8746 9134 7508 4510 1796 461 27 0 0 0 0 0 0
0 0 0 0 0 261 1466 3826 6932 9032 8992 6989 3696 1533 252 3 0 0 16 65 227 447
0 0 0 0 56 666 2275 5005 7923 9447 8635 6057 3143 965 155 0 0 43 285 793 1612 2485
0 0 0 0 282 1383 3577 6466 9132 9327 8025 5103 2167 613 48 92 269 820 1698 3130 4652 5946
0 0 0 60 814 2503 5192 8235 9478 9027 6793 3730 1365 558 640 1154 2082 3232 4864 6425 8003 8803
0 0 0 344 1599 3918 6963 9230 9339 7912 5405 2664 1981 2143 2998 4210 5299 6766 7874 9201 9676 9757
0 0 49 754 2564 5243 8419 9365 9049 7277 5006 4117 4570 5391 6643 7341 8495 9041 9733 9645 9438 8371
0 0 167 1204 3252 6489 8786 9773 9173 7865 6586 7142 7567 8605 8992 9683 9697 9536 8794 7886 6543 5121
0 0 256 1328 3621 6598 8852 9878 9843 8965 9154 9206 9768 9998 10096 9597 8658 7266 5813 4263 3307 2169
0 0 207 1151 3211 5918 8255 9790 10109 10263 10249 10301 10184 9701 8700 7244 5519 3905 2409 1771 986 615
0 0 89 707 2310 4609 7310 9088 10218 10455 10209 9560 8615 7168 5531 3851 2405 1335 836 319 143 34
0 0 0 339 1271 3437 5534 7794 8656 8620 7849 6769 5255 3829 2420 1381 747 325 55 3 0 0
0 0 0 37 693 1781 3549 4947 5380 5173 4500 3288 2392 1328 746 327 67 0 0 0 0 0
0 0 0 0 251 697 1655 2000 2316 2187 1541 1197 549 317 70 0 0 0 0 0 0 0

