Convolved Image for Digit: 6
0 0 0 0 0 22 489 1976 3472 4899 3430 2019 603 26 0 0 0 0 0 0 0 0
0 0 0 0 0 41 802 2429 4556 5028 3922 1807 425 33 0 0 0 0 0 0 0 0
0 0 0 0 0 154 1253 3187 4989 5303 3348 1374 268 9 0 0 0 0 0 0 0 0
0 0 0 0 0 391 1809 3803 5437 4772 2659 944 173 0 0 0 0 0 0 0 0 0
0 0 0 0 0 700 2358 4480 5600 4219 2149 729 7 0 0 0 0 0 0 0 0 0
0 0 0 0 150 1213 3095 5255 5452 3796 1672 295 25 0 0 0 43 43 86 43 43 0
0 0 0 34 566 2024 4134 5676 5138 2872 996 224 0 0 0 253 537 990 1010 926 462 189
0 0 0 178 1100 2941 4893 5750 4061 1964 682 58 0 17 387 1151 2453 3260 3505 2405 1256 418
0 0 0 327 1698 3582 5574 5074 3229 1381 232 0 68 473 1433 3377 5147 6771 5777 4055 2010 685
0 0 45 727 2258 4481 5380 4508 2309 591 106 183 707 1867 3756 5833 8229 8307 7145 4848 2272 653
0 0 198 1192 3109 4739 5258 3367 1257 462 132 744 2087 4060 5915 7897 8401 8189 7004 4343 1847 522
0 0 382 1755 3602 5247 4602 2469 1179 123 439 1688 3842 5887 7383 7460 7405 7399 5951 3517 1485 340
0 0 521 2018 4155 5503 4597 2963 1218 483 1143 2919 5469 7241 7358 6861 6910 6675 5257 2716 920 113
0 0 553 2163 4515 6042 5794 4225 2650 1969 2892 5016 7381 8208 7743 6943 6890 6105 3710 1666 422 92
0 0 532 2025 4404 6444 6794 6329 4944 4910 5813 7518 9107 8981 8235 7315 6200 4066 2054 824 290 0
0 0 367 1512 3539 5562 7151 7347 7724 7742 8420 9665 9731 9610 8238 6526 4136 1975 932 354 0 0
0 0 182 768 2191 3907 5788 7424 8015 8591 9110 9390 9792 8982 7264 4683 2090 868 270 0 0 0
0 0 19 293 831 2124 3666 5088 6034 6490 6915 7651 7843 7087 5142 2464 960 247 0 0 0 0
0 0 0 19 257 739 1721 2422 3040 3283 3881 4447 4829 4170 2553 1144 433 37 0 0 0 0
0 0 0 0 0 221 371 795 796 1124 1292 1853 1914 1661 906 531 74 0 0 0 0 0
0 0 0 0 0 0 75 43 129 108 243 318 420 290 231 37 0 0 0 0 0 0
0 0 0 0 0 0 0 0 0 0 0 0 0 0 0 0 0 0 0 0 0 0

