Convolved Image for Digit: 0
0 0 0 0 0 0 0 0 0 0 0 0 87 333 636 795 765 462 216 0 0 0
0 0 0 0 0 0 0 0 0 0 0 119 678 1599 2667 2918 2409 1230 291 38 0 0
0 0 0 0 0 0 0 0 0 0 32 554 1770 3834 5340 5727 3984 1895 718 135 0 0
0 0 0 0 0 0 0 0 0 0 302 1356 3406 5907 7926 7305 5282 2994 1210 301 36 0
0 0 0 0 0 0 0 0 0 131 851 2534 4621 7277 7969 7643 5986 3878 1850 632 135 0
0 0 0 0 0 0 0 0 48 559 1900 3591 5595 6329 6588 6764 6301 4827 2659 1045 194 0
0 0 0 0 0 0 0 10 434 1497 3270 4803 5278 4524 4496 5738 6646 5448 3492 1368 413 36
0 0 0 0 0 0 0 300 1234 3064 4604 5442 4083 2285 3099 4919 6256 6015 4022 2022 597 78
0 0 0 0 0 0 194 988 2734 4398 5769 4633 2185 1365 1882 4031 5959 6180 4750 2311 754 72
0 0 0 0 0 94 742 2268 4109 5743 5168 3012 1109 621 1236 3544 5444 6463 4623 2411 628 78
0 0 0 0 23 465 1737 3726 5502 5765 3819 1482 684 88 1094 2989 5454 5884 4488 2050 632 36
0 0 0 0 247 1220 3172 5081 6233 4648 2212 876 103 76 1006 3062 5121 5680 3956 1885 380 0
0 0 0 126 810 2487 4508 6230 5436 3172 1161 353 8 142 1247 3332 5272 5450 3700 1380 340 0
0 0 43 452 1770 3813 5847 6110 4237 1749 711 28 13 339 1769 3866 5688 5399 3033 1354 183 0
0 0 174 1098 2930 5145 6390 5197 2729 1025 156 0 22 758 2415 4726 6090 4808 2800 810 106 0
0 31 473 1889 4067 5978 5897 3889 1475 500 30 28 328 1483 3570 5634 5975 4215 1808 494 70 0
0 80 768 2567 4784 6090 5092 2489 1103 113 33 241 1088 2903 4940 6432 5306 2902 1067 260 0 0
0 92 935 2814 5097 5912 4431 2424 774 218 440 1246 2852 4776 6404 5966 3826 1570 541 38 0 0
0 92 872 2812 4933 5956 4956 3299 2158 1902 2557 3781 5169 6174 5933 4074 1891 832 182 0 0 0
0 43 738 2305 4599 5999 6092 5634 4982 5123 5538 5967 6024 5247 3572 1836 929 316 0 0 0 0
0 31 422 1683 3525 5267 6350 6563 6630 6416 6143 5556 4307 2864 1423 807 251 0 0 0 0 0
0 0 199 829 2084 3397 4463 5107 5052 4852 4306 3214 2108 1006 580 92 0 0 0 0 0 0

