0 0 0 0 0 0 0 0 0 0 0 0 0 0 0 0 0 0 0 0 0 0 0 0 0 0 0 0 
0 0 0 0 0 0 0 0 0 0 0 0 0 0 0 0 0 0 0 0 0 0 0 0 0 0 0 0 
0 0 0 0 0 0 0 0 80 120 80 -113 -76 -62 -54 18 -124 63 62 -10 88 -56 12 88 64 0 0 0 
0 0 0 0 0 0 108 -128 -32 110 -99 100 -55 -20 -67 36 -82 14 -102 119 -27 59 -124 -92 8 0 0 0 
0 0 0 0 0 -92 -34 -49 30 -126 -65 78 23 13 -83 -3 127 41 -73 -122 115 33 -35 124 -28 64 0 0 
0 0 0 0 16 98 -89 -45 114 -110 -108 111 -52 47 12 72 -119 -75 20 -62 74 98 -83 -35 69 40 0 0 
0 0 0 20 96 98 -33 -127 -74 18 3 -60 114 -86 20 -103 63 -114 63 -96 -97 -34 88 -96 -23 -44 0 0 
0 0 0 -90 -11 88 88 67 -82 120 100 26 -63 -72 10 89 18 -18 20 49 -15 -37 -115 -70 -74 41 0 0 
0 0 24 124 116 92 -70 66 -8 -69 51 -4 -115 24 -81 44 42 -36 104 3 91 -106 -91 -16 27 80 0 0 
0 0 48 68 31 80 69 121 118 -26 15 -124 -112 -65 79 -95 61 20 -78 7 -99 0 85 -118 -72 -3 0 0 
0 0 18 -27 -19 -61 119 -103 31 -91 -67 55 100 46 9 -26 -122 4 78 -70 -113 -81 -7 -12 -61 -37 0 0 
0 0 124 -70 15 49 -12 55 -53 -41 -38 109 -10 34 -103 -24 40 -117 -56 -25 50 93 117 97 -18 39 0 0 
0 0 -39 -43 -103 -43 -37 119 99 36 -43 93 -32 27 91 94 0 -114 -79 116 -17 -71 -38 64 -116 -109 0 0 
0 0 51 -67 -76 56 66 41 -102 73 91 33 14 -122 -54 11 -85 100 8 -103 -41 -41 99 99 18 -112 0 0 
0 0 71 74 107 27 111 -31 -26 37 60 -115 -74 -118 27 67 14 35 34 -12 -118 -45 -86 -15 -106 -40 0 0 
0 0 -34 -90 -20 -57 -109 -54 10 91 -18 73 -116 -118 -85 50 -113 33 99 -21 -12 -95 -78 6 -118 64 0 0 
0 0 -83 -99 8 -36 -35 52 94 -84 101 -30 68 -70 -118 60 -16 -113 78 96 41 55 -56 -112 23 -16 0 0 
0 0 10 -125 -38 -4 64 12 24 -111 -88 105 -61 -26 67 -18 -46 124 -78 58 49 -14 -20 -7 -94 -64 0 0 
0 0 -37 41 58 8 -103 -58 68 -103 -72 81 -57 114 -89 18 -79 98 119 -109 44 58 81 47 28 0 0 0 
0 0 -98 79 48 -101 123 -24 2 -45 64 9 58 -73 -74 -48 60 57 127 -70 84 62 72 -70 -24 0 0 0 
0 0 97 90 118 30 63 36 -84 -62 -66 -15 111 85 29 -110 32 -21 14 40 68 96 10 40 0 0 0 0 
0 0 -16 -117 93 15 -117 22 -70 -71 49 -49 -17 10 95 -80 -61 -67 56 81 68 94 24 0 0 0 0 0 
0 0 -16 21 52 107 94 -64 -98 -20 -83 -121 102 -33 -97 124 22 -14 -67 -102 18 -40 0 0 0 0 0 0 
0 0 48 -56 -94 -33 101 -46 -104 101 -46 55 -80 -49 64 22 15 32 96 -110 0 0 0 0 0 0 0 0 
0 0 -40 112 18 -74 113 2 114 31 1 67 -68 -26 107 -8 -41 75 25 -4 0 0 0 0 0 0 0 0 
0 0 0 -96 12 -116 55 -42 -44 28 77 -54 96 79 87 106 111 55 -42 40 0 0 0 0 0 0 0 0 
0 0 0 -104 36 -52 92 56 68 80 100 -128 -8 64 -44 -80 -116 116 -24 -56 0 -64 52 -120 -60 -116 24 112 
0 0 -4 116 112 55 39 75 32 -53 -68 51 122 84 22 97 -64 27 15 -10 -56 28 74 85 -22 -39 -3 110 
