int x[ROWS][COLS] = {
    {246, 105, 187, 123, 87, 124, 166, 201, 112, 51, 242, 29, 251, 108, 65, 112, 248, 29, 182, 213, 249, 128, 215, 187, 67, 126, 206, 168, 145, 188, 157, 250, 167, 151, 223, 182, 118, 221, 236, 206, 7, 165, 44, 217, 144, 234, 59, 161, 159, 223, 72, 209, 165, 82, 222, 104, 121, 126, 220, 79, 255, 26, 40, 225, 115, 36, 42, 106, 215, 194, 143, 27, 67, 89, 130, 45, 204, 198, 131, 139, 62, 247, 84, 177, 196, 198, 227, 246, 139, 71, 44, 27, 121, 77, 23, 244, 34, 252, 89, 86, 63, 44, 210, 155, 2, 126, 217, 220, 157, 174, 123, 199, 9, 112, 108, 230, 230, 148, 152, 150, 23, 44, 2, 81, 159, 124, 215, 81},
    {168, 138, 220, 245, 188, 17, 149, 180, 245, 253, 24, 166, 95, 16, 185, 60, 195, 204, 86, 128, 229, 49, 166, 126, 192, 74, 6, 240, 241, 73, 58, 141, 167, 216, 106, 46, 135, 154, 8, 244, 111, 17, 94, 22, 47, 234, 246, 185, 113, 128, 133, 44, 157, 143, 105, 40, 1, 93, 130, 154, 246, 161, 187, 40, 200, 247, 33, 86, 77, 184, 127, 203, 0, 135, 196, 210, 127, 114, 210, 194, 94, 69, 9, 39, 182, 221, 184, 34, 246, 165, 147, 218, 27, 29, 47, 136, 146, 254, 159, 97, 101, 49, 181, 175, 255, 168, 219, 2, 28, 242, 160, 100, 204, 214, 239, 17, 39, 224, 162, 151, 255, 77, 74, 19, 154, 249, 28, 59},
    {231, 98, 201, 56, 229, 141, 139, 176, 13, 179, 110, 202, 13, 77, 219, 216, 131, 60, 100, 72, 2, 117, 90, 57, 73, 230, 64, 79, 51, 10, 100, 59, 62, 213, 34, 16, 227, 177, 147, 54, 157, 158, 75, 1, 5, 3, 106, 23, 233, 196, 37, 87, 106, 178, 76, 246, 145, 39, 108, 75, 175, 30, 33, 105, 39, 192, 193, 16, 45, 42, 175, 44, 99, 151, 125, 131, 59, 197, 73, 22, 94, 125, 56, 107, 139, 247, 64, 71, 128, 28, 56, 64, 185, 105, 1, 178, 164, 182, 247, 48, 184, 86, 205, 178, 12, 193, 76, 88, 35, 250, 109, 211, 220, 210, 150, 235, 246, 125, 160, 84, 45, 242, 89, 130, 81, 244, 23, 61},
    {40, 229, 229, 235, 238, 83, 133, 109, 55, 57, 151, 217, 232, 110, 205, 140, 6, 222, 70, 68, 97, 121, 59, 168, 238, 198, 103, 30, 230, 78, 214, 116, 205, 59, 133, 53, 252, 166, 225, 63, 210, 117, 119, 108, 99, 125, 23, 112, 193, 36, 245, 173, 135, 250, 36, 254, 255, 169, 234, 33, 178, 140, 69, 95, 46, 17, 43, 53, 245, 235, 2, 3, 108, 247, 49, 220, 216, 186, 94, 223, 40, 72, 140, 184, 86, 128, 205, 179, 193, 61, 183, 106, 189, 147, 40, 122, 89, 200, 204, 174, 163, 15, 219, 133, 23, 151, 251, 63, 214, 62, 30, 48, 248, 40, 253, 39, 53, 5, 71, 70, 230, 255, 99, 122, 129, 172, 133, 249},
    {242, 98, 254, 225, 221, 181, 46, 187, 113, 161, 173, 105, 227, 107, 98, 120, 106, 85, 88, 181, 200, 143, 104, 137, 230, 155, 157, 90, 189, 111, 147, 186, 176, 199, 56, 97, 86, 27, 4, 74, 35, 168, 10, 39, 170, 162, 138, 167, 182, 74, 99, 238, 111, 155, 81, 14, 29, 2, 227, 136, 255, 159, 173, 216, 47, 98, 89, 189, 231, 125, 231, 234, 16, 201, 201, 212, 249, 208, 193, 168, 56, 217, 88, 94, 59, 183, 179, 50, 174, 118, 27, 40, 76, 182, 64, 138, 83, 94, 249, 171, 195, 50, 23, 156, 57, 68, 103, 177, 75, 220, 75, 119, 120, 158, 48, 37, 14, 108, 196, 14, 236, 245, 66, 79, 32, 98, 53, 234},
    {62, 45, 97, 13, 142, 56, 247, 104, 79, 164, 22, 133, 157, 158, 20, 58, 33, 173, 169, 91, 41, 6, 255, 102, 146, 8, 9, 187, 141, 77, 160, 164, 5, 193, 9, 27, 82, 106, 164, 201, 154, 40, 230, 61, 131, 250, 75, 166, 2, 252, 212, 161, 24, 225, 24, 48, 57, 35, 9, 242, 32, 131, 122, 213, 163, 163, 207, 183, 241, 118, 212, 73, 56, 123, 131, 213, 10, 124, 118, 63, 94, 71, 213, 149, 153, 130, 69, 98, 97, 16, 131, 73, 213, 90, 14, 150, 76, 163, 128, 27, 141, 92, 59, 99, 47, 216, 44, 140, 130, 17, 119, 58, 115, 112, 250, 136, 130, 30, 123, 52, 17, 189, 155, 38, 56, 231, 200, 51},
    {128, 69, 13, 2, 87, 58, 12, 168, 211, 90, 29, 101, 81, 85, 43, 110, 126, 189, 22, 221, 39, 175, 243, 61, 23, 138, 184, 107, 188, 234, 165, 164, 85, 57, 132, 194, 255, 255, 45, 102, 190, 3, 90, 187, 20, 217, 193, 223, 197, 158, 243, 192, 110, 93, 5, 60, 52, 118, 89, 36, 6, 117, 110, 42, 255, 124, 182, 185, 212, 80, 254, 122, 96, 39, 229, 114, 90, 14, 109, 91, 48, 191, 88, 63, 20, 237, 162, 194, 53, 57, 113, 80, 128, 6, 92, 139, 93, 55, 191, 141, 102, 195, 128, 49, 55, 245, 96, 224, 135, 151, 4, 42, 114, 157, 179, 66, 185, 77, 229, 40, 72, 39, 160, 61, 228, 9, 44, 34},
    {154, 219, 232, 35, 117, 237, 252, 202, 218, 59, 198, 157, 41, 168, 51, 202, 81, 66, 69, 224, 163, 223, 128, 43, 90, 157, 85, 221, 78, 228, 237, 237, 154, 207, 128, 177, 163, 172, 13, 221, 232, 49, 49, 201, 39, 112, 25, 4, 183, 51, 1, 201, 36, 215, 104, 69, 73, 56, 81, 79, 239, 113, 34, 103, 114, 251, 23, 30, 158, 102, 102, 19, 50, 37, 71, 46, 44, 99, 38, 130, 224, 99, 73, 91, 3, 121, 199, 23, 217, 70, 176, 6, 50, 33, 53, 9, 65, 181, 186, 85, 56, 34, 219, 175, 63, 76, 12, 72, 173, 134, 174, 34, 92, 113, 109, 113, 166, 176, 147, 124, 82, 182, 253, 129, 208, 202, 195, 221},
    {15, 199, 85, 25, 212, 64, 22, 179, 143, 5, 42, 165, 167, 80, 146, 222, 190, 234, 192, 46, 197, 129, 77, 48, 140, 91, 56, 57, 118, 56, 252, 179, 222, 220, 251, 126, 164, 5, 25, 220, 192, 238, 140, 73, 164, 97, 19, 82, 219, 187, 135, 140, 204, 201, 18, 107, 139, 122, 157, 141, 146, 15, 47, 200, 184, 147, 45, 185, 10, 110, 140, 33, 81, 4, 111, 166, 194, 94, 64, 131, 238, 128, 244, 9, 204, 104, 207, 219, 157, 64, 188, 121, 210, 82, 126, 161, 116, 158, 159, 38, 146, 199, 80, 179, 214, 191, 50, 77, 115, 88, 131, 73, 37, 247, 201, 203, 213, 36, 29, 165, 201, 157, 139, 214, 11, 160, 65, 93},
    {255, 162, 146, 166, 193, 242, 12, 216, 10, 127, 200, 205, 156, 89, 102, 56, 40, 119, 50, 82, 44, 74, 206, 171, 75, 208, 20, 2, 28, 247, 75, 150, 226, 226, 35, 35, 231, 30, 225, 145, 136, 45, 247, 29, 33, 169, 159, 20, 40, 202, 70, 156, 81, 39, 86, 196, 188, 139, 164, 143, 26, 68, 182, 49, 19, 23, 202, 178, 115, 68, 6, 171, 216, 184, 202, 232, 241, 101, 186, 117, 64, 240, 119, 193, 40, 112, 196, 172, 103, 67, 77, 170, 113, 60, 26, 58, 70, 84, 220, 117, 105, 58, 65, 118, 153, 218, 149, 212, 125, 250, 9, 148, 13, 103, 220, 73, 42, 185, 182, 235, 86, 161, 34, 31, 192, 166, 44, 135},
    {138, 209, 21, 189, 181, 221, 54, 160, 78, 84, 214, 220, 245, 188, 17, 67, 97, 77, 159, 252, 219, 126, 28, 143, 110, 196, 168, 202, 93, 155, 152, 3, 0, 18, 180, 4, 170, 124, 112, 10, 246, 83, 212, 230, 72, 38, 90, 77, 206, 87, 202, 147, 127, 76, 189, 45, 97, 184, 137, 20, 208, 59, 117, 214, 239, 32, 170, 148, 156, 160, 65, 234, 184, 254, 157, 225, 147, 245, 95, 109, 164, 127, 177, 7, 220, 62, 225, 203, 5, 12, 204, 101, 105, 52, 233, 180, 179, 129, 173, 244, 234, 59, 22, 43, 209, 104, 218, 56, 127, 32, 189, 224, 17, 31, 66, 3, 176, 150, 148, 37, 67, 152, 240, 210, 214, 101, 193, 217},
    {7, 142, 6, 116, 157, 73, 218, 195, 204, 169, 190, 221, 187, 14, 140, 54, 1, 228, 148, 220, 10, 79, 178, 56, 222, 251, 247, 109, 201, 10, 146, 66, 9, 242, 207, 214, 153, 180, 84, 248, 26, 118, 115, 222, 167, 54, 112, 234, 169, 38, 245, 61, 148, 7, 38, 83, 138, 143, 167, 170, 14, 237, 193, 63, 67, 246, 36, 8, 180, 128, 192, 28, 151, 101, 88, 239, 152, 230, 97, 7, 161, 108, 212, 0, 83, 236, 188, 23, 126, 73, 34, 190, 138, 119, 240, 233, 80, 80, 179, 11, 123, 223, 89, 174, 184, 92, 24, 11, 201, 219, 108, 239, 61, 116, 122, 232, 99, 135, 140, 110, 26, 242, 246, 251, 212, 129, 210, 52},
    {114, 128, 157, 138, 215, 48, 93, 240, 249, 56, 53, 163, 160, 138, 75, 210, 203, 146, 16, 24, 159, 28, 187, 109, 146, 242, 90, 248, 35, 171, 59, 213, 203, 78, 76, 170, 60, 218, 102, 224, 112, 84, 93, 145, 110, 199, 103, 53, 159, 102, 137, 81, 232, 237, 252, 41, 86, 93, 37, 237, 184, 118, 130, 116, 19, 238, 162, 234, 116, 209, 121, 211, 24, 102, 180, 43, 3, 149, 65, 137, 167, 57, 211, 10, 188, 210, 69, 74, 252, 117, 219, 34, 160, 134, 27, 204, 119, 150, 99, 118, 189, 194, 56, 140, 4, 61, 234, 178, 139, 9, 176, 111, 185, 179, 117, 108, 64, 126, 79, 166, 151, 242, 161, 214, 55, 53, 154, 88},
    {220, 245, 82, 92, 104, 84, 84, 244, 15, 185, 150, 29, 57, 102, 245, 40, 189, 141, 59, 24, 54, 46, 101, 27, 148, 61, 4, 35, 55, 199, 135, 55, 57, 97, 69, 209, 86, 249, 34, 173, 64, 208, 63, 255, 213, 195, 187, 28, 200, 245, 59, 41, 92, 45, 252, 153, 202, 60, 117, 226, 131, 89, 124, 215, 177, 32, 244, 152, 171, 57, 110, 226, 99, 176, 75, 251, 43, 251, 93, 62, 179, 30, 59, 245, 82, 65, 195, 60, 62, 69, 65, 160, 13, 194, 219, 96, 11, 213, 144, 34, 72, 218, 213, 115, 119, 10, 10, 189, 217, 153, 193, 195, 254, 109, 145, 196, 30, 67, 52, 44, 114, 222, 99, 157, 39, 33, 102, 141},
    {145, 182, 125, 218, 64, 152, 120, 63, 234, 51, 95, 174, 183, 161, 180, 100, 168, 144, 171, 97, 49, 247, 16, 30, 238, 234, 72, 160, 192, 114, 111, 203, 254, 224, 219, 138, 154, 11, 234, 19, 153, 189, 11, 164, 242, 104, 222, 99, 126, 138, 101, 233, 235, 105, 244, 90, 90, 84, 200, 4, 101, 97, 77, 162, 140, 144, 67, 180, 114, 74, 151, 20, 70, 235, 221, 228, 76, 141, 31, 93, 213, 245, 246, 167, 90, 250, 145, 101, 98, 226, 223, 21, 15, 159, 211, 19, 238, 212, 222, 41, 226, 122, 28, 228, 236, 132, 208, 194, 92, 2, 249, 12, 92, 40, 161, 31, 170, 67, 122, 19, 26, 16, 87, 243, 22, 181, 213, 151},
    {219, 225, 170, 27, 221, 202, 3, 2, 3, 142, 4, 44, 147, 224, 255, 68, 92, 235, 168, 136, 135, 7, 162, 6, 20, 51, 134, 229, 217, 24, 84, 80, 64, 211, 215, 15, 80, 112, 253, 238, 121, 206, 10, 19, 23, 187, 120, 107, 247, 243, 64, 226, 116, 110, 138, 168, 148, 255, 166, 254, 135, 213, 93, 180, 234, 233, 21, 68, 168, 118, 228, 21, 138, 64, 167, 176, 153, 134, 32, 218, 222, 239, 156, 205, 62, 104, 156, 171, 232, 44, 103, 83, 55, 204, 79, 55, 59, 124, 36, 124, 140, 23, 20, 96, 254, 184, 207, 228, 139, 58, 112, 13, 40, 21, 159, 126, 1, 84, 87, 49, 48, 159, 47, 97, 32, 188, 98, 35},
    {219, 204, 46, 93, 144, 105, 77, 247, 120, 5, 231, 6, 78, 91, 207, 243, 57, 2, 141, 71, 147, 18, 233, 168, 61, 71, 144, 113, 0, 230, 93, 31, 15, 49, 190, 200, 76, 177, 196, 236, 90, 202, 7, 4, 111, 202, 251, 77, 163, 227, 10, 76, 2, 165, 65, 173, 139, 134, 67, 196, 191, 27, 143, 214, 31, 56, 206, 210, 14, 19, 187, 11, 225, 43, 81, 60, 45, 25, 60, 137, 96, 51, 141, 229, 59, 252, 219, 91, 72, 90, 208, 68, 189, 253, 73, 6, 194, 232, 185, 186, 54, 194, 63, 184, 190, 116, 255, 196, 111, 123, 68, 189, 136, 1, 176, 32, 225, 175, 60, 255, 87, 47, 88, 36, 163, 49, 186, 211},
    {64, 8, 94, 115, 187, 207, 244, 234, 193, 33, 179, 151, 250, 170, 208, 208, 103, 20, 249, 226, 134, 144, 17, 219, 214, 46, 99, 97, 123, 142, 93, 110, 205, 50, 26, 22, 93, 39, 224, 57, 217, 160, 178, 55, 61, 91, 47, 41, 48, 225, 187, 200, 230, 104, 116, 144, 225, 185, 87, 107, 217, 160, 115, 191, 3, 36, 158, 221, 121, 20, 216, 10, 232, 238, 52, 79, 242, 159, 60, 233, 127, 55, 93, 101, 105, 99, 249, 76, 45, 1, 219, 93, 128, 179, 26, 149, 162, 205, 35, 121, 158, 32, 104, 218, 87, 104, 153, 95, 34, 224, 118, 94, 136, 235, 195, 172, 109, 37, 234, 38, 112, 196, 246, 144, 4, 19, 107, 192},
    {194, 6, 227, 29, 224, 122, 195, 150, 246, 177, 238, 46, 176, 62, 75, 101, 1, 121, 79, 74, 247, 178, 15, 117, 137, 102, 247, 120, 147, 128, 3, 208, 87, 208, 244, 216, 192, 118, 23, 107, 144, 147, 104, 159, 53, 195, 65, 134, 82, 139, 155, 208, 187, 251, 31, 132, 178, 72, 159, 45, 254, 138, 195, 54, 201, 126, 148, 109, 105, 205, 165, 100, 162, 235, 143, 68, 88, 200, 121, 163, 175, 136, 195, 160, 42, 209, 63, 184, 1, 135, 19, 138, 25, 248, 195, 92, 135, 34, 29, 195, 144, 112, 205, 155, 63, 202, 22, 15, 14, 9, 203, 156, 238, 43, 140, 103, 11, 90, 172, 72, 87, 108, 85, 103, 80, 122, 136, 18},
    {156, 208, 251, 140, 62, 99, 213, 144, 190, 97, 194, 199, 84, 139, 223, 136, 224, 249, 235, 129, 20, 99, 175, 199, 104, 76, 143, 117, 203, 12, 122, 58, 227, 199, 156, 189, 203, 69, 112, 156, 228, 79, 210, 117, 66, 97, 12, 246, 224, 187, 198, 228, 217, 42, 81, 104, 96, 186, 188, 23, 141, 220, 4, 87, 206, 238, 93, 240, 179, 218, 224, 233, 245, 165, 153, 200, 94, 161, 99, 187, 56, 252, 29, 27, 99, 182, 200, 151, 149, 28, 162, 156, 106, 149, 77, 44, 53, 32, 188, 2, 197, 126, 20, 60, 152, 136, 34, 200, 152, 139, 13, 81, 74, 46, 236, 201, 86, 36, 220, 182, 189, 147, 114, 132, 64, 241, 80, 253},
    {128, 87, 189, 189, 181, 111, 172, 230, 111, 236, 197, 217, 143, 166, 128, 10, 43, 91, 202, 143, 199, 151, 101, 41, 112, 159, 115, 241, 119, 242, 188, 69, 121, 64, 74, 85, 165, 14, 10, 144, 102, 46, 62, 41, 138, 206, 213, 115, 148, 144, 246, 0, 64, 201, 7, 46, 244, 53, 212, 177, 163, 79, 243, 85, 110, 154, 121, 42, 2, 184, 85, 177, 89, 232, 244, 59, 166, 63, 149, 222, 146, 206, 176, 146, 145, 15, 17, 178, 50, 20, 219, 56, 221, 53, 211, 171, 69, 89, 150, 177, 7, 41, 1, 19, 101, 32, 110, 116, 99, 23, 240, 17, 183, 129, 175, 44, 20, 211, 17, 27, 140, 199, 115, 64, 69, 134, 86, 221},
    {106, 96, 114, 118, 175, 119, 105, 100, 2, 7, 97, 250, 60, 9, 160, 194, 153, 236, 146, 167, 132, 211, 232, 76, 102, 36, 238, 119, 225, 170, 95, 81, 21, 91, 34, 246, 16, 54, 38, 135, 138, 206, 33, 221, 162, 47, 199, 200, 47, 223, 187, 139, 96, 196, 11, 219, 108, 234, 13, 122, 190, 2, 21, 48, 153, 169, 178, 66, 127, 103, 52, 161, 187, 50, 151, 232, 66, 85, 68, 81, 162, 255, 24, 220, 42, 202, 12, 28, 19, 24, 222, 145, 159, 230, 103, 12, 4, 65, 132, 24, 156, 86, 230, 169, 12, 55, 74, 4, 20, 113, 140, 57, 102, 97, 95, 160, 35, 138, 18, 204, 15, 224, 132, 215, 124, 122, 222, 174},
    {216, 247, 83, 10, 33, 249, 118, 76, 4, 159, 51, 86, 184, 150, 6, 231, 109, 177, 229, 40, 7, 113, 156, 208, 90, 191, 138, 29, 30, 110, 33, 231, 63, 86, 204, 22, 129, 44, 128, 229, 19, 141, 28, 208, 245, 61, 240, 51, 71, 236, 127, 69, 156, 71, 219, 183, 214, 25, 86, 170, 133, 15, 167, 124, 119, 193, 195, 216, 165, 235, 49, 186, 193, 19, 74, 81, 59, 106, 7, 203, 124, 161, 193, 127, 161, 193, 173, 65, 215, 16, 221, 212, 132, 91, 30, 1, 207, 193, 108, 191, 37, 240, 39, 48, 177, 123, 11, 128, 153, 92, 122, 3, 32, 180, 145, 184, 166, 115, 153, 165, 90, 70, 183, 80, 57, 80, 113, 157},
    {79, 106, 107, 56, 18, 41, 201, 137, 66, 243, 213, 92, 230, 209, 237, 144, 179, 104, 192, 96, 140, 249, 53, 155, 78, 20, 14, 202, 88, 22, 120, 228, 65, 71, 100, 164, 242, 57, 242, 188, 182, 143, 182, 231, 239, 233, 255, 173, 167, 104, 112, 96, 158, 9, 174, 94, 2, 225, 249, 144, 13, 233, 242, 147, 19, 56, 195, 210, 26, 167, 246, 9, 138, 227, 153, 74, 78, 103, 216, 40, 93, 39, 7, 158, 123, 242, 164, 125, 230, 133, 223, 185, 133, 18, 243, 255, 110, 79, 219, 161, 184, 47, 134, 184, 190, 179, 187, 55, 20, 157, 179, 217, 0, 67, 64, 29, 100, 167, 119, 106, 75, 179, 2, 185, 90, 245, 153, 132},
    {27, 214, 88, 207, 0, 146, 179, 202, 240, 94, 108, 237, 3, 236, 66, 112, 83, 46, 166, 100, 166, 247, 38, 29, 172, 179, 140, 133, 196, 11, 24, 78, 42, 37, 132, 230, 11, 67, 55, 17, 186, 227, 106, 50, 61, 215, 12, 52, 198, 242, 181, 75, 218, 241, 232, 93, 1, 25, 181, 212, 11, 62, 75, 216, 69, 180, 239, 211, 93, 200, 129, 124, 72, 98, 116, 53, 197, 141, 238, 245, 154, 232, 157, 162, 221, 198, 131, 236, 140, 84, 107, 116, 212, 54, 105, 219, 56, 176, 243, 5, 194, 19, 90, 2, 179, 1, 38, 17, 165, 118, 111, 118, 241, 109, 97, 61, 163, 189, 187, 57, 188, 22, 194, 170, 242, 54, 202, 200},
    {221, 60, 251, 0, 5, 112, 58, 102, 227, 185, 17, 144, 76, 93, 132, 96, 143, 70, 99, 252, 210, 30, 180, 107, 0, 35, 110, 119, 44, 149, 46, 119, 119, 81, 25, 127, 150, 154, 20, 142, 216, 26, 29, 185, 124, 117, 50, 212, 214, 161, 239, 172, 121, 88, 235, 79, 128, 196, 98, 53, 122, 41, 33, 28, 202, 92, 87, 14, 191, 91, 161, 91, 171, 13, 150, 231, 81, 16, 206, 247, 31, 244, 136, 68, 11, 14, 10, 25, 189, 241, 150, 132, 85, 179, 189, 21, 6, 9, 216, 153, 108, 250, 51, 54, 112, 28, 88, 121, 230, 222, 124, 142, 246, 120, 129, 198, 56, 223, 126, 123, 12, 87, 55, 93, 7, 213, 135, 13},
    {107, 1, 75, 1, 41, 158, 14, 204, 4, 175, 150, 129, 202, 247, 163, 34, 27, 100, 202, 155, 237, 65, 158, 95, 237, 231, 173, 72, 124, 168, 94, 187, 108, 4, 136, 56, 186, 14, 196, 148, 196, 53, 127, 32, 223, 172, 67, 210, 122, 54, 25, 59, 165, 242, 205, 145, 39, 49, 91, 241, 111, 90, 57, 109, 16, 98, 84, 55, 205, 90, 223, 131, 253, 137, 141, 72, 163, 60, 23, 99, 122, 158, 199, 179, 129, 127, 182, 169, 114, 121, 49, 37, 129, 144, 207, 218, 29, 84, 84, 173, 240, 209, 177, 172, 65, 67, 226, 75, 175, 173, 76, 193, 134, 62, 176, 104, 215, 168, 222, 219, 33, 211, 163, 115, 41, 61, 87, 221},
    {215, 37, 60, 249, 21, 18, 175, 102, 143, 135, 46, 195, 54, 199, 99, 146, 152, 95, 235, 48, 128, 12, 209, 228, 154, 237, 85, 66, 241, 229, 135, 192, 140, 213, 118, 75, 178, 0, 247, 192, 147, 146, 209, 205, 33, 124, 219, 108, 85, 253, 251, 53, 36, 15, 120, 57, 236, 186, 226, 125, 27, 17, 199, 109, 7, 125, 251, 166, 150, 255, 180, 149, 167, 81, 205, 101, 139, 49, 181, 249, 52, 121, 24, 42, 201, 186, 73, 73, 232, 220, 64, 22, 163, 40, 236, 250, 73, 132, 2, 32, 190, 34, 8, 242, 60, 1, 85, 238, 184, 230, 12, 180, 173, 57, 31, 203, 123, 158, 203, 28, 217, 153, 21, 188, 174, 241, 109, 97},
    {211, 60, 180, 207, 251, 95, 167, 207, 134, 117, 188, 53, 140, 47, 146, 5, 147, 251, 30, 8, 15, 40, 181, 252, 145, 176, 226, 108, 191, 98, 81, 39, 144, 32, 57, 125, 130, 72, 22, 187, 174, 111, 214, 136, 71, 88, 72, 88, 218, 112, 49, 173, 199, 189, 158, 101, 6, 172, 74, 8, 155, 139, 48, 224, 211, 31, 122, 5, 243, 85, 68, 12, 40, 70, 167, 159, 107, 225, 55, 104, 247, 255, 86, 50, 196, 240, 51, 131, 160, 227, 84, 233, 58, 96, 17, 35, 1, 156, 78, 171, 115, 81, 252, 226, 205, 5, 3, 219, 183, 126, 238, 153, 220, 233, 116, 47, 74, 176, 254, 60, 25, 154, 163, 84, 66, 35, 135, 197},
    {190, 83, 160, 158, 184, 35, 203, 77, 74, 220, 70, 30, 30, 206, 31, 150, 116, 147, 176, 72, 22, 235, 232, 87, 106, 204, 203, 186, 3, 34, 117, 74, 236, 40, 127, 49, 103, 163, 99, 128, 246, 97, 11, 87, 191, 234, 254, 3, 156, 231, 142, 13, 88, 238, 161, 222, 81, 39, 107, 164, 192, 242, 215, 99, 227, 106, 161, 105, 212, 66, 124, 254, 67, 12, 187, 121, 89, 202, 28, 185, 155, 249, 184, 185, 202, 234, 229, 126, 23, 61, 102, 96, 88, 73, 79, 1, 6, 7, 237, 93, 196, 119, 87, 126, 103, 15, 215, 32, 172, 104, 233, 7, 138, 226, 149, 108, 133, 105, 194, 107, 216, 230, 35, 96, 229, 246, 254, 117},
    {153, 252, 4, 196, 215, 93, 145, 254, 17, 31, 171, 154, 129, 192, 209, 19, 105, 97, 200, 111, 120, 116, 141, 234, 52, 99, 142, 96, 127, 155, 158, 180, 173, 162, 252, 228, 125, 23, 242, 44, 1, 222, 200, 255, 16, 121, 93, 15, 132, 76, 50, 193, 230, 233, 30, 60, 67, 110, 86, 198, 99, 238, 69, 159, 35, 185, 70, 65, 131, 139, 19, 205, 89, 238, 1, 25, 21, 239, 172, 33, 71, 114, 187, 185, 251, 119, 28, 45, 234, 15, 189, 193, 229, 132, 6, 214, 71, 29, 163, 122, 123, 175, 105, 135, 163, 81, 254, 21, 251, 250, 212, 32, 24, 20, 254, 41, 122, 73, 227, 35, 31, 75, 47, 185, 118, 240, 141, 179},
    {17, 59, 13, 55, 59, 73, 124, 73, 112, 192, 34, 235, 158, 135, 48, 52, 217, 245, 177, 178, 23, 48, 141, 229, 126, 235, 214, 136, 10, 33, 231, 73, 184, 117, 183, 173, 246, 250, 236, 58, 96, 160, 85, 91, 202, 108, 188, 166, 134, 122, 163, 96, 183, 42, 240, 89, 233, 129, 129, 192, 15, 65, 207, 224, 252, 29, 56, 193, 139, 252, 6, 55, 174, 103, 117, 90, 247, 239, 19, 161, 64, 28, 58, 170, 177, 47, 36, 129, 6, 145, 112, 239, 238, 209, 230, 199, 42, 214, 200, 231, 222, 4, 110, 104, 150, 117, 61, 201, 64, 211, 71, 198, 180, 188, 162, 161, 129, 66, 219, 219, 191, 224, 249, 195, 117, 211, 74, 248},
    {100, 161, 113, 46, 70, 68, 101, 238, 195, 226, 71, 7, 188, 133, 165, 138, 168, 66, 51, 79, 71, 127, 72, 82, 87, 144, 53, 152, 0, 64, 4, 248, 146, 58, 138, 67, 228, 137, 221, 176, 142, 196, 174, 22, 142, 96, 15, 173, 58, 167, 5, 107, 62, 173, 40, 84, 239, 27, 15, 98, 138, 63, 142, 19, 64, 86, 199, 84, 149, 51, 216, 186, 99, 63, 171, 54, 121, 190, 99, 130, 189, 71, 17, 55, 120, 97, 114, 195, 63, 97, 180, 29, 10, 26, 218, 54, 43, 211, 31, 18, 124, 225, 246, 27, 73, 134, 180, 180, 205, 48, 51, 254, 208, 157, 222, 76, 93, 84, 207, 72, 156, 215, 84, 37, 199, 185, 113, 176},
    {227, 44, 222, 27, 8, 50, 6, 191, 207, 163, 119, 74, 228, 43, 139, 169, 72, 89, 23, 172, 102, 91, 129, 212, 255, 128, 83, 175, 2, 108, 146, 68, 86, 191, 161, 209, 178, 54, 216, 57, 178, 111, 90, 233, 152, 6, 49, 226, 134, 133, 69, 147, 55, 185, 125, 91, 35, 179, 222, 81, 126, 143, 13, 120, 225, 127, 17, 193, 148, 249, 73, 60, 127, 28, 61, 91, 236, 212, 71, 49, 158, 196, 19, 179, 220, 50, 13, 0, 47, 218, 20, 92, 255, 141, 61, 44, 194, 204, 181, 193, 179, 159, 111, 137, 188, 254, 231, 55, 231, 251, 234, 75, 136, 119, 71, 204, 61, 85, 57, 156, 71, 35, 31, 174, 130, 102, 9, 198},
    {83, 66, 142, 168, 163, 70, 243, 219, 251, 146, 140, 188, 86, 248, 88, 65, 99, 70, 184, 192, 36, 57, 36, 128, 112, 182, 187, 98, 173, 167, 209, 107, 145, 31, 69, 57, 129, 30, 231, 52, 250, 24, 115, 173, 53, 247, 24, 252, 109, 39, 96, 132, 132, 152, 206, 85, 112, 39, 120, 25, 77, 8, 252, 7, 77, 223, 13, 4, 194, 46, 148, 170, 157, 39, 123, 156, 218, 15, 52, 228, 76, 109, 190, 146, 141, 166, 72, 115, 88, 85, 209, 92, 116, 32, 16, 228, 0, 121, 68, 32, 27, 55, 61, 42, 217, 95, 175, 185, 211, 146, 89, 52, 40, 79, 14, 0, 62, 7, 2, 119, 191, 87, 84, 37, 37, 161, 207, 35},
    {1, 55, 11, 245, 217, 244, 90, 241, 78, 20, 32, 33, 166, 82, 107, 128, 45, 193, 116, 5, 180, 191, 87, 243, 164, 127, 141, 226, 111, 203, 42, 55, 128, 250, 7, 133, 51, 243, 204, 143, 197, 18, 51, 93, 92, 193, 119, 105, 40, 206, 192, 14, 243, 243, 129, 103, 244, 108, 62, 58, 26, 86, 186, 46, 109, 251, 7, 174, 164, 58, 65, 250, 249, 181, 154, 193, 95, 36, 251, 73, 203, 154, 136, 52, 240, 83, 166, 47, 223, 153, 77, 123, 142, 234, 231, 54, 19, 183, 219, 53, 93, 156, 100, 255, 90, 147, 90, 27, 88, 200, 30, 48, 102, 16, 71, 38, 39, 42, 71, 121, 29, 28, 77, 139, 126, 38, 87, 175},
    {19, 65, 94, 160, 92, 178, 255, 112, 10, 45, 69, 52, 40, 35, 14, 155, 72, 196, 17, 188, 46, 11, 241, 202, 223, 39, 71, 30, 57, 223, 194, 137, 190, 107, 25, 247, 32, 217, 220, 33, 215, 117, 36, 246, 128, 80, 76, 181, 207, 1, 159, 153, 176, 125, 187, 115, 57, 239, 174, 82, 252, 144, 198, 155, 19, 61, 130, 174, 168, 145, 71, 98, 24, 132, 143, 4, 134, 224, 59, 123, 71, 174, 186, 112, 105, 6, 80, 49, 97, 38, 84, 119, 230, 41, 244, 233, 206, 6, 236, 25, 145, 173, 29, 45, 2, 156, 191, 190, 176, 26, 52, 224, 50, 213, 153, 66, 156, 240, 226, 95, 121, 177, 94, 164, 151, 60, 179, 187},
    {28, 95, 156, 102, 244, 234, 107, 70, 201, 0, 164, 202, 202, 207, 11, 182, 84, 248, 59, 19, 63, 181, 233, 188, 200, 235, 0, 113, 217, 93, 187, 10, 144, 113, 245, 196, 207, 2, 239, 110, 199, 19, 35, 254, 217, 132, 80, 151, 155, 86, 15, 214, 190, 49, 86, 203, 57, 50, 86, 211, 181, 95, 152, 170, 150, 187, 37, 199, 133, 79, 30, 226, 248, 185, 108, 65, 137, 230, 188, 63, 201, 131, 165, 199, 192, 168, 235, 226, 170, 38, 54, 68, 115, 169, 235, 235, 72, 84, 157, 60, 24, 72, 43, 170, 253, 29, 27, 108, 37, 123, 231, 133, 192, 147, 201, 198, 178, 224, 80, 212, 29, 28, 199, 153, 126, 70, 115, 246},
    {107, 88, 153, 134, 210, 69, 183, 116, 154, 0, 121, 204, 2, 206, 116, 206, 186, 239, 194, 214, 27, 114, 91, 107, 176, 117, 123, 44, 165, 86, 53, 177, 182, 50, 169, 22, 245, 252, 31, 192, 0, 246, 170, 128, 238, 237, 117, 21, 230, 193, 69, 177, 72, 10, 113, 109, 137, 179, 180, 136, 55, 92, 209, 242, 202, 113, 42, 29, 241, 142, 225, 68, 222, 67, 76, 109, 181, 199, 237, 140, 200, 16, 230, 163, 202, 217, 90, 60, 204, 137, 189, 187, 151, 78, 73, 61, 142, 78, 147, 5, 70, 87, 45, 67, 109, 39, 176, 70, 101, 21, 181, 218, 164, 238, 149, 252, 35, 169, 115, 192, 38, 101, 91, 196, 175, 44, 94, 12},
    {128, 86, 94, 58, 133, 147, 185, 94, 35, 30, 88, 215, 133, 202, 54, 235, 194, 222, 47, 104, 146, 2, 130, 246, 222, 245, 180, 227, 122, 98, 104, 16, 55, 171, 251, 44, 96, 21, 178, 69, 140, 144, 99, 21, 140, 186, 113, 1, 199, 180, 22, 189, 51, 227, 65, 108, 59, 4, 12, 235, 132, 27, 140, 216, 79, 20, 216, 232, 117, 4, 167, 183, 219, 179, 65, 97, 215, 187, 175, 248, 127, 26, 19, 109, 72, 124, 106, 11, 21, 134, 117, 26, 135, 121, 51, 49, 134, 228, 201, 112, 48, 175, 216, 97, 192, 46, 39, 191, 234, 72, 56, 200, 100, 163, 157, 176, 54, 242, 17, 110, 2, 18, 120, 101, 97, 128, 184, 253},
    {108, 176, 172, 216, 240, 32, 34, 92, 115, 183, 23, 98, 211, 235, 157, 73, 91, 205, 197, 6, 180, 43, 197, 30, 186, 191, 99, 56, 192, 130, 19, 116, 68, 167, 136, 235, 115, 251, 242, 189, 47, 141, 192, 202, 176, 131, 251, 111, 123, 216, 150, 16, 192, 172, 149, 85, 132, 136, 181, 84, 144, 58, 116, 29, 152, 231, 167, 181, 27, 39, 237, 229, 171, 160, 214, 19, 112, 226, 107, 175, 242, 64, 13, 202, 64, 6, 194, 175, 251, 155, 154, 100, 161, 244, 44, 141, 87, 39, 0, 186, 167, 214, 166, 181, 234, 30, 204, 200, 213, 127, 130, 38, 148, 109, 229, 255, 56, 139, 170, 92, 131, 186, 201, 192, 234, 82, 114, 38},
    {217, 140, 41, 65, 192, 197, 184, 117, 203, 151, 210, 242, 112, 101, 40, 143, 42, 160, 238, 212, 128, 190, 38, 13, 117, 104, 182, 169, 1, 43, 82, 194, 116, 234, 39, 68, 126, 75, 11, 201, 197, 210, 147, 255, 132, 46, 64, 163, 62, 115, 242, 157, 94, 127, 124, 172, 253, 38, 125, 240, 103, 22, 14, 207, 110, 82, 217, 215, 192, 76, 67, 138, 63, 126, 160, 73, 219, 77, 23, 131, 124, 121, 109, 229, 218, 113, 39, 14, 69, 240, 120, 29, 80, 99, 247, 69, 1, 114, 87, 35, 129, 41, 209, 78, 44, 178, 73, 69, 237, 108, 213, 183, 68, 190, 128, 165, 218, 253, 124, 184, 23, 2, 252, 129, 222, 24, 171, 70},
    {54, 57, 222, 215, 213, 238, 214, 184, 163, 133, 128, 69, 113, 206, 185, 217, 38, 214, 236, 133, 164, 227, 202, 141, 238, 12, 39, 30, 76, 28, 108, 197, 38, 89, 55, 213, 142, 175, 131, 200, 104, 98, 138, 57, 70, 161, 238, 24, 131, 60, 226, 224, 143, 107, 207, 162, 30, 98, 206, 251, 83, 233, 86, 42, 36, 186, 84, 84, 180, 79, 139, 9, 163, 79, 106, 44, 136, 137, 17, 100, 48, 147, 85, 206, 187, 199, 239, 41, 179, 156, 253, 31, 31, 59, 152, 30, 93, 115, 179, 74, 255, 123, 76, 175, 248, 218, 144, 194, 6, 49, 140, 86, 199, 238, 19, 65, 41, 149, 112, 234, 72, 214, 178, 209, 195, 41, 252, 36},
    {240, 250, 175, 128, 29, 142, 104, 105, 31, 144, 18, 126, 33, 49, 222, 183, 192, 101, 60, 101, 83, 246, 18, 77, 57, 14, 196, 154, 175, 27, 136, 210, 15, 141, 18, 146, 83, 62, 165, 145, 133, 147, 62, 233, 64, 85, 201, 32, 124, 85, 250, 245, 241, 68, 18, 236, 33, 213, 64, 172, 196, 171, 216, 254, 70, 26, 215, 17, 180, 98, 251, 228, 96, 235, 48, 196, 113, 233, 169, 234, 233, 109, 71, 232, 71, 72, 167, 122, 205, 119, 191, 215, 180, 69, 217, 140, 177, 108, 133, 0, 245, 154, 9, 209, 55, 189, 73, 85, 19, 7, 225, 227, 233, 181, 242, 128, 22, 152, 127, 228, 21, 220, 182, 70, 206, 33, 235, 188},
    {103, 181, 201, 190, 94, 237, 54, 149, 124, 88, 36, 178, 103, 94, 12, 28, 33, 173, 193, 99, 13, 125, 185, 2, 110, 146, 194, 255, 32, 171, 179, 54, 26, 34, 152, 101, 51, 182, 236, 59, 187, 178, 150, 24, 132, 160, 176, 91, 72, 233, 185, 180, 193, 112, 202, 229, 116, 70, 106, 55, 97, 164, 252, 121, 63, 241, 63, 67, 13, 141, 226, 52, 132, 100, 32, 229, 208, 44, 73, 24, 89, 199, 253, 106, 193, 254, 9, 89, 66, 167, 248, 28, 227, 136, 133, 39, 206, 146, 23, 122, 105, 47, 156, 26, 27, 92, 238, 53, 255, 225, 80, 12, 38, 16, 88, 248, 204, 34, 162, 108, 20, 131, 241, 211, 165, 59, 84, 13},
    {200, 204, 7, 150, 28, 58, 48, 197, 156, 117, 115, 173, 87, 14, 150, 119, 66, 23, 173, 170, 198, 184, 42, 191, 63, 59, 236, 94, 59, 184, 52, 76, 157, 37, 152, 38, 200, 46, 182, 19, 80, 216, 225, 210, 146, 51, 177, 10, 248, 10, 134, 109, 69, 150, 82, 8, 243, 108, 115, 152, 159, 72, 153, 218, 178, 242, 173, 152, 127, 80, 219, 163, 235, 125, 35, 159, 33, 24, 159, 103, 47, 180, 92, 33, 79, 115, 169, 53, 69, 132, 198, 123, 108, 5, 47, 251, 148, 15, 34, 94, 146, 132, 126, 34, 97, 244, 204, 154, 195, 66, 80, 179, 229, 214, 171, 187, 158, 191, 198, 60, 65, 223, 229, 162, 45, 237, 142, 5},
    {205, 136, 40, 6, 82, 36, 47, 250, 206, 27, 215, 88, 169, 113, 58, 157, 182, 155, 238, 180, 195, 22, 16, 109, 2, 146, 141, 50, 48, 223, 141, 236, 51, 90, 113, 29, 169, 186, 67, 38, 209, 222, 59, 26, 124, 115, 127, 9, 138, 173, 131, 56, 147, 239, 209, 246, 184, 3, 156, 19, 53, 153, 203, 161, 183, 157, 9, 74, 187, 152, 4, 11, 185, 72, 170, 162, 84, 106, 46, 220, 250, 245, 104, 220, 92, 41, 146, 123, 126, 78, 182, 85, 222, 129, 223, 255, 150, 189, 177, 149, 112, 41, 159, 194, 132, 90, 100, 105, 76, 223, 103, 130, 144, 232, 219, 134, 186, 152, 155, 30, 192, 42, 204, 135, 233, 104, 36, 158},
    {21, 207, 6, 0, 20, 23, 101, 149, 214, 249, 97, 67, 26, 9, 46, 84, 172, 33, 168, 178, 194, 76, 63, 81, 148, 40, 54, 235, 40, 206, 31, 253, 182, 221, 193, 21, 246, 212, 126, 235, 87, 24, 97, 255, 18, 23, 247, 225, 116, 231, 40, 129, 19, 168, 106, 15, 226, 235, 172, 34, 112, 201, 234, 47, 2, 133, 228, 166, 140, 154, 23, 4, 35, 70, 111, 243, 43, 128, 142, 237, 168, 136, 152, 118, 210, 232, 129, 247, 203, 134, 237, 147, 25, 81, 56, 206, 107, 77, 9, 186, 66, 73, 192, 126, 19, 10, 148, 47, 173, 243, 130, 94, 206, 43, 34, 102, 246, 61, 17, 10, 228, 42, 43, 162, 229, 115, 146, 122},
    {148, 18, 241, 185, 193, 129, 94, 56, 152, 14, 51, 209, 72, 54, 49, 157, 78, 232, 42, 178, 130, 84, 209, 53, 166, 95, 24, 255, 160, 181, 202, 25, 183, 176, 120, 150, 13, 127, 9, 103, 227, 142, 41, 181, 199, 46, 33, 2, 239, 58, 94, 210, 189, 26, 168, 228, 153, 124, 229, 57, 171, 49, 188, 14, 15, 163, 130, 68, 63, 79, 158, 137, 169, 236, 202, 96, 58, 94, 21, 0, 151, 37, 167, 59, 50, 249, 218, 104, 240, 80, 66, 66, 154, 111, 147, 206, 194, 102, 108, 152, 231, 214, 248, 208, 226, 212, 241, 240, 133, 8, 45, 238, 236, 170, 228, 36, 246, 224, 103, 184, 243, 73, 241, 194, 102, 74, 145, 198},
    {162, 63, 146, 181, 80, 10, 90, 55, 180, 248, 170, 76, 224, 215, 235, 24, 223, 220, 123, 77, 99, 104, 171, 212, 23, 85, 249, 219, 20, 53, 122, 57, 124, 5, 232, 217, 118, 89, 76, 233, 193, 72, 7, 229, 74, 16, 125, 178, 129, 122, 26, 32, 103, 166, 202, 96, 193, 133, 134, 123, 118, 106, 206, 207, 200, 236, 48, 43, 181, 6, 245, 206, 169, 176, 236, 130, 155, 20, 185, 84, 155, 50, 4, 70, 34, 248, 184, 249, 71, 119, 238, 208, 44, 79, 8, 205, 91, 185, 248, 71, 178, 229, 127, 67, 255, 253, 17, 100, 209, 35, 108, 93, 188, 200, 214, 196, 56, 223, 181, 213, 56, 226, 248, 32, 66, 59, 18, 131},
    {185, 223, 61, 141, 135, 204, 87, 191, 128, 158, 162, 60, 96, 110, 130, 201, 3, 115, 182, 0, 10, 75, 177, 68, 6, 0, 40, 51, 112, 72, 213, 24, 123, 17, 70, 185, 135, 192, 127, 210, 146, 197, 174, 139, 34, 197, 177, 43, 16, 55, 26, 79, 83, 71, 65, 181, 107, 9, 15, 174, 88, 129, 174, 144, 134, 64, 103, 133, 205, 133, 158, 45, 216, 140, 39, 238, 83, 216, 150, 244, 214, 73, 65, 20, 168, 147, 92, 47, 175, 240, 52, 72, 184, 63, 250, 123, 206, 52, 98, 67, 30, 255, 224, 17, 135, 58, 133, 220, 76, 24, 47, 63, 60, 184, 165, 53, 105, 67, 130, 11, 135, 105, 148, 3, 15, 113, 160, 234},
    {118, 84, 65, 189, 140, 202, 176, 248, 93, 1, 251, 7, 172, 184, 81, 4, 193, 126, 89, 234, 144, 230, 87, 113, 176, 11, 28, 226, 112, 136, 60, 189, 166, 114, 132, 117, 15, 48, 197, 88, 54, 128, 233, 229, 26, 42, 2, 203, 94, 232, 219, 133, 187, 105, 138, 160, 41, 242, 59, 173, 1, 83, 129, 111, 69, 233, 178, 106, 55, 54, 25, 235, 144, 203, 121, 15, 40, 104, 45, 254, 45, 15, 15, 21, 239, 81, 2, 192, 213, 168, 244, 160, 0, 228, 58, 225, 40, 149, 3, 104, 33, 132, 139, 11, 18, 20, 138, 72, 214, 96, 137, 121, 202, 142, 149, 249, 110, 191, 95, 157, 113, 228, 255, 43, 202, 209, 220, 197},
    {223, 231, 64, 100, 253, 251, 46, 53, 9, 83, 115, 67, 191, 149, 76, 40, 182, 253, 45, 141, 66, 135, 143, 227, 231, 110, 135, 223, 37, 5, 172, 107, 188, 8, 182, 181, 46, 223, 117, 251, 35, 33, 69, 34, 140, 72, 45, 194, 184, 165, 1, 238, 165, 77, 44, 228, 166, 125, 221, 88, 18, 225, 99, 175, 14, 198, 90, 15, 133, 246, 231, 79, 96, 201, 131, 114, 251, 156, 37, 126, 183, 186, 84, 97, 10, 72, 16, 226, 187, 225, 78, 19, 112, 53, 163, 123, 194, 11, 189, 216, 190, 117, 93, 47, 113, 232, 241, 137, 40, 1, 87, 49, 25, 165, 182, 81, 36, 120, 173, 236, 83, 251, 81, 56, 10, 255, 216, 99},
    {182, 145, 224, 114, 230, 159, 203, 54, 182, 112, 5, 44, 0, 35, 207, 233, 149, 110, 73, 245, 171, 230, 93, 232, 42, 68, 74, 208, 210, 173, 100, 131, 234, 54, 3, 30, 211, 154, 75, 111, 59, 212, 11, 58, 65, 189, 82, 119, 67, 193, 152, 214, 205, 138, 73, 178, 78, 197, 177, 61, 177, 35, 27, 83, 100, 167, 74, 65, 166, 233, 54, 160, 235, 129, 144, 254, 148, 243, 72, 3, 66, 242, 172, 106, 138, 46, 61, 221, 47, 177, 38, 209, 198, 18, 58, 171, 139, 105, 84, 73, 95, 77, 72, 115, 46, 56, 61, 154, 81, 126, 136, 59, 178, 218, 164, 224, 79, 73, 110, 28, 17, 227, 142, 124, 176, 107, 53, 73},
    {120, 121, 44, 98, 217, 0, 249, 89, 187, 173, 100, 92, 15, 20, 87, 120, 224, 42, 113, 21, 46, 130, 243, 40, 230, 134, 38, 177, 180, 247, 179, 37, 192, 87, 124, 109, 101, 218, 196, 148, 162, 63, 245, 31, 246, 16, 184, 230, 227, 239, 183, 80, 96, 103, 119, 179, 200, 181, 165, 124, 40, 86, 23, 23, 212, 124, 72, 251, 1, 232, 233, 127, 39, 228, 143, 7, 217, 46, 255, 21, 87, 254, 136, 156, 178, 7, 235, 105, 164, 235, 175, 37, 203, 168, 127, 220, 182, 232, 221, 218, 225, 2, 229, 102, 202, 103, 117, 180, 194, 147, 18, 125, 51, 142, 47, 62, 72, 167, 48, 62, 103, 149, 14, 18, 162, 196, 209, 210},
    {90, 108, 5, 227, 69, 41, 235, 214, 130, 67, 36, 172, 124, 37, 12, 0, 105, 233, 152, 244, 144, 101, 215, 22, 34, 166, 8, 103, 119, 211, 7, 116, 217, 129, 25, 227, 57, 67, 155, 26, 242, 185, 253, 129, 122, 88, 54, 200, 103, 152, 177, 137, 235, 112, 208, 14, 176, 51, 28, 225, 39, 211, 13, 135, 167, 156, 58, 235, 80, 73, 192, 190, 202, 132, 213, 139, 163, 116, 125, 159, 209, 53, 189, 116, 165, 83, 160, 70, 192, 140, 67, 168, 106, 44, 33, 241, 167, 76, 165, 200, 251, 22, 205, 57, 153, 164, 183, 229, 105, 253, 166, 153, 132, 212, 11, 162, 251, 239, 103, 168, 62, 100, 183, 13, 212, 13, 60, 213},
    {109, 92, 164, 41, 183, 146, 45, 220, 10, 16, 112, 109, 76, 130, 227, 12, 252, 232, 70, 33, 232, 142, 142, 176, 203, 186, 20, 229, 21, 199, 104, 117, 34, 230, 15, 235, 158, 217, 40, 96, 17, 212, 237, 124, 22, 157, 41, 31, 44, 60, 46, 250, 190, 12, 73, 224, 131, 139, 200, 117, 235, 128, 11, 25, 57, 180, 24, 42, 193, 40, 127, 120, 204, 115, 85, 19, 143, 72, 24, 141, 36, 185, 95, 45, 16, 235, 18, 231, 71, 227, 9, 122, 52, 162, 171, 158, 171, 120, 86, 17, 250, 1, 241, 101, 124, 16, 85, 134, 2, 93, 115, 102, 247, 127, 227, 89, 211, 192, 219, 215, 239, 227, 252, 58, 233, 9, 167, 115},
    {126, 238, 150, 150, 48, 235, 44, 224, 228, 151, 104, 180, 9, 144, 146, 40, 206, 52, 199, 46, 167, 242, 142, 153, 45, 97, 239, 210, 149, 70, 59, 151, 226, 140, 205, 141, 61, 164, 33, 13, 98, 114, 81, 154, 103, 171, 20, 79, 125, 246, 44, 178, 157, 98, 220, 23, 40, 226, 124, 88, 254, 108, 187, 99, 176, 251, 0, 224, 174, 114, 114, 85, 249, 74, 164, 95, 97, 194, 111, 225, 205, 19, 206, 192, 5, 240, 33, 86, 147, 221, 218, 94, 159, 218, 24, 161, 158, 56, 219, 249, 130, 225, 204, 193, 18, 48, 247, 35, 35, 125, 249, 113, 241, 248, 237, 164, 132, 19, 69, 173, 120, 231, 84, 215, 32, 111, 233, 175},
    {68, 245, 172, 114, 252, 57, 182, 1, 132, 249, 56, 104, 234, 92, 196, 16, 220, 43, 170, 85, 85, 195, 85, 177, 176, 78, 213, 58, 215, 144, 91, 31, 16, 253, 154, 127, 80, 14, 133, 51, 109, 207, 37, 131, 157, 218, 185, 169, 205, 6, 2, 146, 144, 35, 146, 131, 157, 202, 54, 133, 59, 112, 250, 97, 207, 233, 213, 69, 209, 116, 88, 185, 170, 254, 165, 42, 148, 254, 227, 18, 176, 132, 225, 132, 91, 142, 63, 12, 166, 71, 85, 224, 46, 140, 141, 134, 189, 100, 65, 31, 189, 227, 15, 243, 189, 69, 253, 18, 246, 191, 75, 26, 193, 3, 129, 99, 143, 198, 22, 158, 116, 4, 219, 231, 235, 204, 25, 47},
    {99, 101, 4, 99, 197, 146, 77, 80, 39, 161, 98, 86, 153, 41, 2, 26, 28, 205, 113, 124, 78, 78, 129, 152, 249, 177, 227, 85, 196, 41, 248, 59, 199, 182, 4, 54, 184, 250, 50, 179, 26, 118, 186, 242, 82, 169, 127, 189, 73, 168, 151, 67, 129, 230, 97, 197, 34, 208, 123, 107, 53, 70, 156, 178, 186, 108, 125, 6, 94, 132, 186, 152, 154, 253, 96, 25, 235, 36, 140, 110, 93, 70, 60, 9, 177, 41, 98, 131, 237, 110, 183, 241, 247, 232, 8, 251, 79, 29, 171, 50, 81, 251, 101, 104, 200, 234, 97, 31, 163, 4, 80, 28, 224, 37, 169, 122, 0, 131, 26, 164, 28, 112, 39, 84, 41, 70, 173, 31},
    {218, 174, 133, 51, 170, 18, 44, 29, 171, 185, 12, 98, 41, 196, 56, 10, 254, 33, 123, 38, 197, 143, 159, 129, 62, 151, 155, 12, 23, 104, 127, 156, 28, 167, 78, 10, 75, 111, 72, 141, 27, 73, 97, 44, 49, 134, 100, 137, 145, 186, 98, 173, 60, 105, 221, 137, 153, 70, 119, 164, 18, 127, 87, 80, 144, 23, 194, 216, 127, 114, 122, 225, 236, 230, 181, 224, 120, 136, 141, 142, 98, 239, 183, 26, 167, 124, 238, 155, 58, 59, 201, 184, 118, 54, 36, 58, 54, 229, 124, 97, 233, 108, 161, 118, 235, 207, 157, 96, 229, 175, 219, 220, 41, 45, 107, 125, 198, 73, 242, 108, 89, 92, 8, 131, 148, 56, 132, 146},
    {187, 64, 183, 174, 164, 150, 138, 41, 11, 119, 18, 113, 209, 84, 74, 117, 8, 190, 83, 133, 146, 93, 118, 167, 27, 243, 56, 66, 32, 243, 207, 216, 50, 8, 52, 130, 62, 93, 171, 21, 24, 6, 35, 188, 189, 9, 234, 124, 13, 20, 64, 111, 101, 45, 61, 32, 130, 173, 166, 16, 101, 78, 167, 41, 239, 72, 102, 63, 254, 100, 213, 197, 83, 147, 100, 49, 178, 171, 181, 166, 101, 144, 80, 83, 137, 8, 134, 128, 175, 188, 75, 47, 68, 21, 69, 231, 24, 9, 119, 38, 181, 146, 9, 247, 119, 234, 7, 64, 179, 230, 40, 161, 79, 68, 58, 233, 179, 27, 102, 239, 72, 249, 40, 185, 170, 215, 150, 199},
    {188, 58, 229, 194, 231, 166, 131, 68, 46, 62, 198, 175, 34, 110, 218, 120, 126, 169, 49, 27, 68, 123, 196, 53, 73, 214, 254, 206, 197, 2, 9, 143, 78, 58, 165, 162, 103, 79, 52, 135, 96, 138, 75, 8, 135, 213, 49, 207, 218, 145, 15, 169, 23, 185, 3, 242, 179, 208, 35, 68, 81, 138, 55, 249, 157, 51, 186, 185, 0, 38, 160, 139, 162, 139, 233, 188, 223, 176, 238, 254, 132, 0, 205, 193, 164, 19, 65, 107, 45, 244, 226, 213, 180, 203, 220, 168, 57, 62, 20, 147, 155, 168, 242, 157, 101, 125, 78, 174, 6, 17, 47, 35, 135, 75, 92, 16, 109, 117, 186, 191, 14, 176, 140, 97, 213, 67, 26, 200},
    {9, 31, 144, 172, 83, 27, 185, 194, 238, 198, 66, 180, 12, 188, 18, 151, 191, 1, 4, 147, 34, 164, 247, 225, 59, 226, 216, 201, 173, 146, 185, 57, 25, 179, 203, 44, 51, 72, 169, 238, 73, 125, 69, 90, 71, 47, 194, 160, 152, 244, 85, 34, 134, 155, 174, 66, 245, 9, 54, 175, 86, 153, 142, 227, 72, 218, 157, 57, 84, 224, 210, 87, 34, 91, 74, 47, 236, 120, 216, 99, 119, 20, 251, 98, 4, 234, 23, 221, 199, 22, 228, 41, 7, 89, 63, 70, 114, 49, 180, 142, 15, 81, 166, 100, 225, 81, 131, 112, 219, 225, 222, 140, 14, 9, 31, 2, 224, 105, 105, 159, 35, 238, 139, 136, 62, 144, 242, 169},
    {99, 85, 67, 204, 154, 212, 73, 149, 4, 138, 225, 119, 223, 16, 96, 7, 252, 198, 61, 103, 180, 54, 193, 55, 146, 74, 36, 55, 65, 80, 178, 74, 43, 188, 34, 252, 95, 145, 94, 133, 27, 57, 201, 68, 208, 232, 241, 35, 103, 134, 74, 164, 239, 171, 187, 114, 110, 136, 120, 25, 152, 116, 183, 12, 78, 207, 113, 116, 172, 33, 86, 57, 231, 210, 117, 139, 225, 63, 219, 88, 35, 251, 209, 167, 108, 207, 22, 148, 16, 237, 37, 164, 162, 83, 171, 211, 147, 195, 3, 160, 184, 62, 77, 38, 213, 73, 81, 86, 15, 234, 172, 137, 186, 252, 48, 156, 10, 235, 212, 79, 142, 64, 94, 40, 36, 0, 21, 222},
    {201, 3, 193, 105, 52, 217, 24, 39, 125, 30, 120, 180, 192, 176, 45, 238, 215, 83, 59, 214, 205, 15, 179, 60, 190, 20, 3, 196, 66, 251, 71, 39, 116, 99, 41, 233, 171, 121, 206, 87, 214, 244, 241, 57, 16, 27, 144, 218, 1, 229, 152, 246, 74, 197, 60, 146, 166, 60, 76, 10, 137, 53, 221, 139, 210, 223, 39, 104, 135, 159, 247, 12, 54, 53, 207, 35, 204, 187, 64, 50, 133, 20, 173, 114, 216, 213, 255, 213, 213, 100, 111, 38, 180, 218, 18, 39, 193, 246, 136, 188, 103, 142, 224, 152, 24, 84, 178, 155, 90, 109, 148, 250, 208, 63, 207, 51, 57, 77, 245, 137, 173, 139, 172, 229, 65, 88, 214, 153},
    {185, 202, 22, 95, 145, 162, 99, 80, 30, 128, 127, 53, 67, 89, 41, 61, 44, 171, 0, 55, 53, 244, 38, 169, 88, 175, 170, 233, 26, 209, 234, 206, 112, 142, 175, 55, 212, 105, 75, 14, 116, 250, 161, 140, 23, 70, 156, 247, 28, 94, 252, 239, 155, 120, 146, 101, 90, 0, 58, 147, 241, 99, 100, 122, 52, 98, 47, 172, 177, 55, 27, 15, 5, 80, 8, 21, 224, 242, 125, 210, 138, 134, 155, 93, 105, 43, 213, 178, 45, 153, 222, 196, 166, 162, 23, 158, 72, 120, 80, 3, 247, 112, 83, 154, 170, 76, 77, 81, 122, 100, 26, 225, 109, 7, 147, 54, 105, 61, 192, 12, 158, 141, 93, 45, 119, 96, 92, 231},
    {67, 31, 232, 119, 196, 53, 228, 115, 97, 174, 5, 246, 150, 203, 205, 111, 104, 185, 203, 170, 94, 226, 178, 228, 93, 94, 114, 252, 167, 24, 128, 12, 90, 97, 71, 183, 106, 162, 56, 137, 45, 136, 100, 147, 68, 138, 158, 221, 164, 116, 105, 10, 36, 222, 108, 98, 74, 4, 93, 7, 240, 28, 94, 49, 249, 133, 165, 232, 54, 156, 244, 231, 115, 178, 10, 82, 145, 135, 118, 48, 99, 8, 210, 67, 192, 103, 116, 232, 201, 86, 107, 121, 176, 55, 164, 45, 137, 197, 197, 172, 117, 242, 73, 238, 231, 103, 62, 113, 233, 4, 222, 54, 15, 227, 85, 45, 170, 31, 166, 214, 38, 40, 30, 112, 76, 150, 55, 71},
    {151, 193, 127, 234, 250, 206, 113, 166, 195, 12, 50, 18, 181, 35, 72, 143, 88, 176, 46, 120, 76, 169, 146, 96, 164, 236, 128, 192, 12, 18, 142, 173, 228, 15, 226, 41, 47, 102, 66, 63, 53, 190, 152, 19, 8, 67, 193, 17, 153, 111, 148, 231, 211, 81, 248, 88, 29, 129, 101, 164, 221, 136, 17, 162, 47, 231, 86, 10, 224, 177, 172, 110, 23, 202, 219, 45, 109, 40, 144, 102, 240, 213, 136, 165, 226, 233, 213, 172, 61, 115, 194, 53, 86, 123, 108, 137, 25, 149, 234, 197, 226, 162, 77, 180, 170, 222, 86, 25, 184, 8, 81, 171, 85, 214, 224, 105, 133, 52, 55, 165, 183, 202, 210, 88, 127, 233, 130, 225},
    {75, 36, 250, 186, 170, 7, 0, 36, 206, 241, 138, 69, 72, 166, 226, 9, 205, 61, 178, 100, 255, 86, 102, 130, 182, 202, 129, 245, 5, 169, 120, 51, 111, 183, 89, 180, 5, 211, 237, 69, 224, 241, 226, 129, 254, 253, 118, 146, 254, 20, 186, 51, 77, 195, 61, 194, 144, 221, 157, 36, 204, 97, 8, 214, 95, 24, 61, 225, 250, 210, 22, 28, 222, 59, 36, 62, 188, 8, 200, 235, 126, 149, 50, 193, 36, 200, 111, 187, 94, 54, 129, 174, 219, 244, 88, 56, 18, 35, 243, 186, 215, 236, 218, 238, 161, 59, 196, 173, 225, 181, 20, 219, 226, 1, 217, 50, 33, 231, 165, 119, 58, 0, 123, 4, 210, 194, 193, 227},
    {168, 145, 182, 249, 252, 167, 217, 44, 16, 208, 201, 120, 155, 165, 179, 197, 60, 105, 203, 125, 38, 241, 56, 37, 99, 115, 44, 247, 190, 124, 252, 209, 39, 189, 159, 203, 11, 23, 118, 144, 35, 28, 36, 234, 46, 63, 55, 30, 55, 119, 77, 127, 196, 144, 49, 71, 172, 181, 42, 157, 207, 168, 33, 82, 17, 104, 214, 245, 47, 173, 26, 223, 214, 127, 175, 9, 120, 238, 4, 172, 249, 17, 46, 1, 82, 112, 165, 74, 189, 53, 43, 31, 180, 162, 118, 170, 144, 53, 206, 250, 139, 127, 113, 173, 39, 108, 130, 91, 167, 18, 72, 32, 44, 176, 50, 105, 208, 245, 34, 48, 123, 144, 112, 45, 11, 60, 184, 59},
    {231, 98, 102, 100, 134, 32, 229, 232, 71, 64, 76, 52, 91, 16, 84, 11, 44, 98, 92, 229, 151, 169, 237, 82, 85, 38, 140, 1, 18, 213, 131, 116, 139, 144, 216, 217, 119, 112, 246, 182, 204, 137, 194, 184, 169, 92, 73, 242, 5, 186, 88, 4, 5, 80, 163, 86, 197, 20, 20, 73, 212, 16, 180, 122, 38, 215, 23, 72, 19, 67, 68, 82, 187, 52, 79, 189, 72, 98, 219, 245, 204, 43, 225, 229, 64, 80, 184, 212, 223, 110, 181, 229, 51, 233, 183, 209, 190, 123, 93, 27, 4, 116, 235, 17, 81, 231, 20, 223, 61, 151, 160, 86, 165, 93, 39, 206, 49, 203, 182, 146, 81, 134, 236, 203, 166, 31, 47, 235},
    {252, 164, 228, 46, 119, 208, 43, 127, 58, 190, 78, 42, 252, 237, 68, 159, 49, 140, 95, 0, 51, 82, 148, 217, 82, 156, 178, 195, 253, 220, 61, 218, 200, 241, 102, 98, 6, 124, 40, 110, 208, 122, 229, 179, 111, 211, 247, 98, 186, 45, 3, 249, 89, 19, 54, 99, 184, 49, 11, 23, 163, 154, 48, 239, 116, 200, 193, 197, 135, 142, 1, 192, 46, 27, 225, 38, 185, 153, 38, 23, 209, 198, 25, 127, 252, 236, 110, 1, 61, 122, 169, 23, 196, 133, 255, 223, 225, 75, 78, 93, 21, 194, 122, 126, 172, 207, 11, 242, 50, 68, 192, 59, 15, 23, 223, 56, 91, 247, 233, 88, 97, 36, 190, 64, 53, 58, 93, 217},
    {252, 97, 83, 207, 158, 213, 215, 117, 108, 195, 122, 89, 70, 3, 188, 150, 99, 102, 110, 230, 206, 111, 76, 171, 185, 70, 192, 136, 229, 1, 24, 99, 130, 198, 136, 41, 71, 83, 182, 80, 203, 138, 166, 27, 202, 208, 28, 175, 171, 11, 24, 159, 225, 1, 34, 215, 129, 66, 216, 152, 138, 14, 59, 43, 207, 62, 101, 229, 30, 21, 152, 4, 2, 99, 40, 143, 231, 169, 197, 41, 67, 120, 11, 10, 54, 52, 71, 186, 109, 235, 40, 94, 192, 245, 23, 168, 211, 223, 248, 202, 2, 118, 78, 52, 244, 8, 56, 119, 150, 161, 92, 30, 60, 161, 57, 190, 145, 51, 8, 192, 28, 218, 167, 239, 147, 250, 53, 59},
    {148, 46, 122, 115, 6, 2, 171, 61, 143, 242, 197, 38, 240, 69, 230, 173, 23, 237, 165, 22, 21, 179, 149, 44, 34, 130, 132, 153, 200, 72, 230, 239, 167, 109, 44, 117, 42, 178, 32, 167, 81, 86, 190, 82, 171, 154, 143, 66, 117, 169, 99, 180, 171, 154, 23, 141, 45, 158, 26, 182, 28, 252, 254, 155, 118, 158, 218, 168, 203, 200, 0, 253, 46, 170, 69, 35, 44, 117, 101, 205, 15, 154, 80, 211, 77, 230, 39, 225, 162, 235, 194, 137, 62, 73, 105, 103, 61, 10, 135, 186, 100, 181, 165, 234, 136, 116, 40, 18, 87, 83, 140, 8, 241, 249, 83, 76, 165, 173, 119, 64, 105, 247, 140, 141, 35, 57, 72, 186},
    {210, 246, 111, 138, 185, 130, 205, 137, 148, 71, 93, 40, 36, 72, 82, 172, 156, 245, 71, 81, 210, 201, 132, 81, 216, 117, 103, 31, 205, 38, 28, 7, 48, 96, 115, 229, 43, 24, 183, 83, 146, 126, 83, 57, 73, 44, 50, 75, 196, 245, 239, 244, 67, 80, 253, 236, 213, 101, 250, 155, 73, 116, 79, 106, 152, 167, 244, 239, 231, 96, 104, 82, 6, 1, 85, 18, 186, 46, 172, 222, 111, 6, 153, 118, 13, 172, 238, 124, 254, 32, 235, 172, 223, 236, 68, 108, 83, 3, 158, 45, 193, 82, 0, 106, 151, 82, 80, 222, 110, 227, 27, 241, 151, 9, 104, 53, 64, 235, 210, 205, 18, 171, 159, 33, 141, 222, 246, 204},
    {242, 156, 177, 187, 57, 198, 206, 39, 98, 217, 131, 10, 34, 13, 125, 156, 229, 254, 55, 120, 177, 194, 29, 193, 1, 70, 108, 80, 131, 80, 146, 120, 142, 79, 102, 55, 211, 214, 122, 63, 247, 26, 143, 253, 241, 131, 241, 61, 103, 238, 150, 235, 5, 223, 149, 245, 205, 24, 14, 238, 83, 25, 198, 203, 106, 73, 112, 243, 240, 196, 122, 2, 66, 104, 57, 27, 28, 175, 87, 233, 146, 182, 27, 19, 132, 200, 170, 18, 145, 166, 52, 124, 122, 161, 74, 78, 35, 168, 44, 42, 70, 117, 36, 86, 243, 121, 9, 108, 1, 251, 21, 187, 201, 107, 171, 167, 13, 248, 92, 81, 113, 147, 48, 165, 60, 231, 232, 152},
    {3, 7, 27, 199, 153, 216, 212, 29, 92, 152, 222, 162, 162, 201, 231, 240, 128, 218, 198, 100, 69, 208, 180, 83, 111, 71, 133, 65, 217, 45, 201, 97, 80, 11, 184, 98, 119, 204, 113, 231, 165, 255, 249, 51, 8, 23, 21, 153, 79, 245, 151, 133, 237, 64, 129, 167, 114, 171, 150, 230, 143, 251, 178, 196, 142, 77, 67, 112, 123, 115, 188, 160, 161, 95, 241, 22, 208, 229, 0, 35, 9, 192, 100, 174, 25, 15, 47, 245, 163, 31, 87, 76, 76, 112, 3, 34, 137, 72, 162, 90, 50, 137, 101, 107, 132, 100, 54, 129, 167, 167, 88, 83, 141, 91, 43, 250, 50, 118, 56, 224, 158, 238, 147, 234, 188, 23, 214, 204},
    {140, 15, 207, 153, 211, 81, 208, 238, 192, 0, 71, 235, 122, 242, 200, 65, 235, 44, 229, 103, 193, 225, 170, 145, 247, 255, 1, 16, 144, 149, 232, 66, 105, 192, 5, 31, 29, 14, 177, 249, 4, 119, 3, 81, 131, 184, 136, 28, 190, 35, 231, 97, 184, 79, 51, 78, 48, 84, 221, 92, 67, 93, 203, 127, 187, 56, 68, 57, 209, 58, 99, 122, 130, 186, 62, 37, 151, 126, 247, 227, 9, 75, 175, 215, 20, 119, 8, 240, 110, 76, 199, 133, 80, 132, 132, 181, 153, 38, 3, 108, 254, 83, 208, 1, 195, 171, 167, 77, 169, 75, 80, 237, 158, 127, 121, 4, 91, 161, 209, 153, 228, 120, 197, 236, 81, 12, 57, 34},
    {104, 129, 24, 31, 246, 151, 93, 52, 24, 5, 204, 9, 196, 236, 91, 199, 114, 136, 56, 78, 123, 174, 11, 24, 78, 127, 49, 211, 239, 8, 192, 255, 33, 13, 62, 233, 245, 13, 173, 199, 160, 89, 91, 119, 180, 225, 249, 165, 66, 73, 1, 24, 30, 173, 78, 169, 50, 166, 115, 86, 120, 30, 124, 205, 103, 202, 112, 55, 73, 222, 7, 132, 176, 145, 229, 65, 74, 202, 188, 2, 244, 249, 149, 36, 177, 63, 54, 103, 240, 196, 85, 39, 78, 156, 240, 3, 94, 114, 248, 176, 235, 158, 9, 157, 9, 85, 65, 111, 79, 70, 203, 76, 249, 40, 29, 89, 89, 231, 238, 100, 241, 203, 115, 130, 16, 180, 226, 108},
    {137, 58, 240, 160, 41, 216, 49, 79, 67, 238, 19, 171, 224, 143, 34, 236, 172, 161, 188, 56, 170, 127, 56, 4, 62, 25, 48, 77, 37, 123, 166, 206, 107, 85, 11, 195, 230, 207, 226, 63, 225, 134, 121, 224, 201, 179, 118, 37, 79, 197, 50, 179, 133, 190, 143, 209, 6, 125, 212, 106, 218, 78, 196, 233, 196, 54, 82, 26, 217, 8, 219, 201, 28, 236, 233, 19, 178, 160, 204, 53, 44, 196, 139, 100, 157, 164, 64, 133, 59, 214, 227, 134, 181, 5, 210, 156, 253, 156, 126, 7, 140, 81, 153, 189, 112, 171, 11, 131, 37, 81, 210, 122, 242, 176, 145, 140, 159, 213, 60, 235, 91, 150, 106, 44, 180, 41, 32, 129},
    {70, 116, 52, 254, 45, 11, 123, 8, 125, 93, 220, 114, 145, 17, 192, 143, 66, 42, 125, 215, 242, 116, 94, 103, 255, 225, 182, 111, 244, 229, 118, 40, 35, 244, 158, 230, 238, 28, 231, 248, 240, 11, 95, 62, 240, 64, 235, 187, 38, 42, 25, 60, 69, 13, 150, 6, 30, 232, 117, 32, 159, 222, 26, 189, 53, 58, 115, 190, 22, 79, 236, 148, 178, 126, 186, 6, 137, 232, 176, 30, 222, 183, 111, 182, 211, 30, 99, 163, 2, 72, 157, 224, 91, 40, 68, 171, 196, 166, 173, 51, 24, 76, 135, 51, 82, 42, 73, 219, 53, 68, 156, 91, 182, 46, 75, 192, 37, 77, 154, 79, 93, 66, 138, 8, 77, 6, 74, 120},
    {79, 33, 59, 175, 131, 183, 31, 115, 93, 250, 166, 54, 1, 132, 36, 86, 141, 222, 162, 255, 108, 248, 63, 146, 183, 245, 80, 0, 132, 206, 1, 116, 4, 71, 191, 245, 76, 250, 57, 33, 250, 125, 141, 29, 50, 40, 93, 29, 72, 19, 7, 103, 161, 108, 145, 204, 110, 56, 37, 238, 39, 157, 237, 164, 238, 142, 7, 151, 73, 220, 4, 132, 202, 99, 32, 101, 38, 45, 23, 25, 253, 96, 154, 54, 137, 138, 98, 188, 188, 206, 25, 109, 233, 43, 163, 99, 217, 6, 136, 85, 166, 210, 167, 51, 167, 172, 19, 30, 252, 3, 88, 102, 192, 242, 13, 60, 65, 14, 214, 186, 116, 24, 4, 63, 81, 235, 128, 142},
    {127, 59, 165, 157, 27, 235, 24, 60, 194, 179, 58, 131, 182, 226, 246, 59, 130, 58, 7, 102, 37, 223, 196, 18, 69, 25, 100, 54, 223, 52, 185, 251, 21, 174, 251, 90, 150, 132, 85, 86, 97, 37, 124, 143, 126, 236, 59, 110, 177, 164, 208, 14, 71, 57, 93, 49, 187, 46, 204, 207, 65, 186, 197, 166, 167, 228, 43, 144, 55, 186, 92, 171, 66, 35, 32, 188, 25, 131, 195, 216, 180, 52, 179, 141, 93, 39, 104, 0, 199, 132, 227, 47, 177, 2, 6, 17, 181, 65, 136, 204, 149, 115, 25, 173, 54, 250, 59, 22, 21, 144, 133, 176, 66, 178, 170, 54, 172, 103, 133, 87, 10, 244, 9, 22, 47, 141, 247, 240},
    {110, 231, 70, 153, 193, 173, 239, 239, 163, 37, 173, 101, 197, 51, 161, 19, 117, 214, 49, 171, 238, 219, 224, 206, 26, 47, 9, 50, 152, 229, 117, 88, 182, 96, 98, 170, 176, 40, 222, 126, 152, 79, 198, 216, 115, 63, 133, 215, 150, 252, 5, 205, 217, 16, 111, 131, 245, 211, 49, 244, 118, 163, 75, 145, 183, 167, 189, 131, 59, 128, 69, 177, 160, 55, 205, 110, 20, 180, 153, 110, 189, 143, 197, 226, 170, 69, 173, 107, 192, 63, 69, 177, 92, 167, 153, 119, 222, 205, 248, 245, 227, 98, 250, 115, 46, 12, 203, 174, 229, 242, 129, 98, 243, 249, 112, 73, 33, 223, 178, 119, 164, 146, 37, 114, 0, 253, 169, 108},
    {51, 153, 185, 12, 12, 190, 140, 32, 200, 87, 139, 200, 74, 52, 179, 189, 206, 70, 235, 248, 9, 70, 6, 59, 21, 168, 29, 213, 156, 194, 180, 221, 224, 62, 72, 61, 254, 178, 68, 153, 230, 120, 96, 110, 33, 206, 159, 91, 108, 37, 64, 134, 46, 114, 148, 188, 92, 45, 16, 81, 190, 214, 158, 139, 104, 242, 38, 172, 53, 103, 112, 227, 85, 135, 79, 237, 152, 147, 172, 131, 0, 77, 39, 251, 31, 36, 60, 41, 241, 141, 65, 99, 128, 113, 124, 137, 120, 55, 141, 23, 158, 193, 66, 88, 198, 34, 214, 201, 14, 188, 69, 199, 167, 196, 18, 112, 124, 231, 241, 51, 175, 171, 157, 95, 81, 51, 230, 246},
    {37, 196, 195, 71, 219, 96, 22, 131, 254, 220, 216, 163, 207, 252, 138, 38, 31, 221, 65, 138, 131, 242, 177, 20, 72, 166, 46, 173, 33, 6, 160, 225, 193, 165, 239, 122, 180, 247, 156, 243, 121, 157, 8, 230, 47, 79, 158, 217, 96, 187, 2, 7, 235, 217, 184, 163, 31, 39, 252, 58, 93, 28, 255, 51, 17, 53, 8, 212, 115, 39, 14, 249, 92, 90, 209, 176, 65, 213, 57, 2, 153, 38, 77, 216, 38, 250, 103, 36, 128, 146, 69, 181, 9, 83, 183, 200, 249, 44, 179, 150, 215, 81, 46, 90, 148, 110, 205, 125, 199, 159, 183, 185, 136, 86, 219, 229, 109, 24, 240, 15, 142, 122, 205, 121, 6, 51, 54, 205},
    {24, 28, 85, 70, 134, 187, 40, 125, 162, 164, 54, 187, 100, 241, 199, 169, 104, 226, 152, 103, 209, 111, 107, 109, 93, 70, 190, 248, 157, 190, 30, 39, 196, 46, 135, 71, 191, 23, 139, 120, 56, 74, 56, 55, 105, 112, 94, 57, 146, 112, 87, 243, 196, 137, 109, 4, 88, 156, 91, 36, 231, 192, 192, 13, 151, 253, 228, 58, 230, 23, 73, 157, 173, 87, 26, 17, 204, 237, 170, 96, 198, 161, 218, 241, 78, 228, 19, 78, 179, 208, 219, 91, 46, 37, 247, 57, 205, 43, 146, 66, 166, 239, 115, 148, 22, 134, 55, 139, 20, 18, 113, 56, 143, 223, 182, 75, 197, 204, 162, 157, 149, 140, 131, 40, 115, 50, 32, 126},
    {119, 130, 29, 159, 106, 160, 152, 138, 134, 242, 80, 37, 225, 150, 77, 39, 168, 143, 40, 202, 104, 198, 185, 139, 193, 156, 145, 234, 236, 154, 182, 109, 224, 75, 3, 74, 220, 204, 75, 121, 95, 190, 224, 32, 71, 188, 153, 216, 148, 89, 245, 132, 148, 227, 121, 207, 52, 242, 83, 106, 116, 51, 254, 236, 220, 39, 202, 153, 52, 237, 212, 72, 37, 120, 97, 96, 15, 71, 60, 205, 238, 72, 186, 144, 193, 228, 44, 222, 81, 158, 82, 154, 94, 176, 59, 10, 60, 245, 124, 152, 120, 93, 189, 130, 82, 127, 15, 17, 130, 87, 248, 188, 117, 193, 180, 189, 128, 183, 115, 25, 173, 169, 193, 55, 62, 144, 185, 42},
    {3, 63, 189, 83, 0, 36, 15, 109, 39, 164, 84, 163, 255, 68, 185, 6, 199, 131, 240, 106, 219, 4, 33, 182, 53, 250, 45, 177, 50, 18, 251, 223, 116, 106, 134, 198, 112, 211, 129, 217, 151, 143, 29, 174, 27, 181, 12, 35, 60, 244, 228, 17, 62, 75, 184, 213, 232, 100, 55, 18, 197, 88, 92, 175, 211, 104, 241, 222, 72, 224, 0, 179, 142, 4, 177, 210, 146, 36, 13, 110, 231, 74, 90, 217, 34, 226, 161, 79, 16, 115, 246, 252, 133, 23, 2, 77, 17, 102, 195, 109, 52, 125, 25, 161, 59, 124, 189, 102, 71, 176, 73, 193, 36, 140, 229, 104, 180, 94, 183, 5, 123, 130, 243, 79, 14, 149, 111, 128},
    {153, 78, 190, 238, 175, 11, 202, 21, 219, 51, 233, 42, 33, 47, 174, 92, 55, 50, 79, 46, 166, 114, 162, 73, 196, 23, 173, 167, 198, 91, 148, 50, 89, 4, 243, 137, 49, 140, 172, 176, 34, 124, 53, 177, 194, 41, 192, 253, 237, 24, 18, 40, 80, 120, 145, 253, 223, 7, 110, 54, 184, 170, 25, 65, 69, 232, 231, 230, 54, 16, 152, 5, 162, 254, 208, 94, 145, 128, 31, 102, 110, 249, 70, 215, 243, 197, 2, 219, 98, 13, 152, 226, 213, 190, 55, 42, 102, 151, 19, 239, 204, 18, 84, 115, 191, 217, 158, 46, 60, 151, 23, 237, 162, 107, 253, 200, 68, 94, 97, 165, 252, 77, 216, 228, 11, 97, 103, 137},
    {171, 74, 50, 154, 56, 168, 5, 67, 116, 77, 79, 7, 21, 223, 7, 223, 121, 148, 104, 229, 6, 113, 17, 221, 102, 24, 64, 18, 103, 182, 205, 145, 71, 62, 163, 78, 72, 117, 129, 90, 130, 21, 54, 69, 14, 203, 50, 125, 122, 137, 18, 174, 75, 251, 174, 244, 187, 26, 54, 100, 8, 104, 15, 176, 166, 77, 235, 15, 221, 83, 71, 86, 7, 166, 156, 109, 198, 37, 130, 159, 200, 211, 180, 103, 12, 112, 140, 179, 156, 209, 226, 2, 35, 215, 109, 32, 81, 13, 182, 113, 132, 191, 186, 254, 255, 7, 23, 228, 21, 51, 11, 84, 123, 1, 179, 202, 110, 141, 238, 228, 150, 9, 128, 194, 172, 9, 229, 219},
    {203, 143, 180, 171, 125, 201, 165, 161, 186, 165, 127, 224, 85, 73, 76, 152, 78, 240, 211, 243, 232, 25, 52, 237, 59, 173, 183, 109, 98, 109, 131, 85, 3, 185, 201, 131, 183, 89, 255, 92, 88, 168, 118, 131, 215, 233, 99, 197, 108, 114, 113, 238, 53, 219, 105, 234, 212, 121, 252, 114, 218, 156, 213, 90, 61, 49, 101, 168, 177, 245, 124, 208, 162, 177, 144, 191, 210, 47, 228, 66, 79, 10, 159, 11, 54, 253, 190, 203, 2, 94, 6, 55, 76, 110, 146, 77, 21, 147, 64, 196, 210, 65, 147, 41, 77, 183, 144, 157, 80, 121, 122, 178, 223, 174, 2, 159, 27, 20, 40, 155, 131, 110, 5, 167, 84, 233, 247, 230},
    {175, 107, 192, 109, 177, 170, 51, 215, 100, 135, 223, 218, 101, 182, 54, 76, 90, 74, 4, 61, 152, 108, 188, 244, 29, 228, 92, 32, 252, 14, 140, 218, 127, 186, 251, 183, 149, 145, 104, 242, 91, 80, 175, 129, 54, 52, 89, 30, 169, 114, 244, 19, 117, 7, 45, 162, 118, 200, 152, 123, 121, 129, 22, 89, 6, 168, 40, 102, 21, 128, 51, 70, 87, 179, 126, 1, 187, 132, 164, 148, 54, 87, 151, 191, 69, 217, 174, 84, 85, 221, 91, 74, 107, 81, 38, 189, 202, 199, 200, 32, 1, 197, 176, 117, 66, 86, 108, 226, 218, 90, 128, 107, 102, 167, 206, 176, 184, 139, 231, 166, 125, 145, 226, 233, 169, 125, 11, 166},
    {98, 125, 23, 103, 94, 134, 104, 60, 169, 246, 117, 166, 169, 117, 196, 246, 97, 113, 118, 59, 21, 68, 218, 40, 14, 14, 207, 25, 33, 219, 107, 133, 226, 12, 119, 44, 228, 63, 35, 123, 140, 232, 224, 105, 55, 162, 69, 20, 243, 126, 134, 44, 152, 173, 76, 166, 187, 200, 127, 175, 73, 238, 182, 190, 11, 207, 149, 100, 244, 244, 110, 109, 26, 15, 41, 239, 190, 15, 53, 223, 94, 91, 102, 184, 82, 61, 163, 45, 179, 52, 47, 35, 202, 255, 175, 187, 190, 131, 183, 46, 95, 243, 31, 143, 25, 161, 61, 15, 78, 215, 155, 81, 159, 3, 215, 188, 199, 45, 67, 242, 245, 54, 159, 64, 173, 106, 79, 47},
    {33, 143, 44, 62, 91, 135, 252, 37, 207, 155, 203, 227, 176, 180, 153, 106, 78, 119, 180, 185, 155, 83, 118, 28, 72, 246, 245, 8, 63, 238, 85, 219, 216, 228, 14, 123, 29, 196, 62, 227, 75, 25, 111, 92, 70, 88, 29, 148, 149, 55, 18, 130, 39, 148, 109, 154, 137, 171, 110, 37, 50, 186, 141, 131, 180, 23, 231, 166, 18, 78, 3, 225, 63, 24, 144, 140, 105, 240, 166, 255, 109, 102, 158, 210, 97, 53, 202, 188, 156, 250, 145, 23, 70, 184, 114, 114, 71, 201, 237, 249, 224, 145, 104, 216, 54, 193, 123, 252, 176, 218, 49, 102, 241, 43, 59, 111, 141, 131, 89, 165, 61, 154, 146, 217, 242, 232, 220, 36},
    {140, 162, 28, 39, 166, 246, 87, 151, 178, 250, 130, 238, 157, 245, 121, 9, 80, 78, 138, 63, 1, 87, 79, 35, 137, 157, 70, 79, 214, 30, 35, 251, 180, 89, 218, 141, 73, 159, 40, 94, 177, 150, 163, 143, 149, 57, 149, 115, 41, 87, 101, 112, 38, 72, 97, 93, 216, 90, 67, 196, 201, 163, 156, 130, 178, 223, 132, 105, 74, 204, 236, 226, 234, 212, 56, 45, 211, 195, 154, 90, 135, 225, 190, 144, 141, 222, 47, 75, 82, 195, 122, 223, 58, 237, 39, 125, 162, 120, 99, 252, 242, 195, 175, 42, 121, 4, 211, 71, 250, 44, 151, 96, 84, 84, 36, 107, 185, 142, 184, 196, 252, 41, 241, 2, 240, 176, 130, 96},
    {20, 5, 182, 18, 191, 39, 136, 159, 201, 204, 203, 169, 162, 96, 127, 219, 219, 233, 136, 30, 185, 109, 168, 137, 145, 108, 188, 137, 245, 37, 214, 65, 25, 241, 164, 173, 66, 235, 196, 185, 12, 217, 129, 170, 112, 239, 213, 197, 243, 231, 64, 123, 102, 238, 140, 217, 41, 126, 92, 129, 70, 113, 61, 163, 95, 145, 10, 49, 4, 232, 175, 91, 19, 28, 71, 46, 146, 14, 71, 130, 119, 237, 84, 76, 170, 223, 134, 222, 254, 164, 39, 211, 241, 216, 203, 35, 83, 109, 22, 203, 119, 138, 243, 193, 160, 210, 72, 40, 75, 65, 221, 45, 190, 37, 241, 125, 85, 70, 107, 89, 25, 114, 105, 210, 96, 30, 103, 130},
    {192, 114, 247, 76, 84, 181, 142, 0, 206, 7, 183, 133, 92, 82, 241, 208, 42, 219, 122, 107, 212, 142, 91, 59, 62, 216, 250, 58, 134, 116, 241, 186, 111, 121, 132, 10, 28, 144, 191, 75, 79, 160, 69, 142, 221, 253, 147, 34, 42, 7, 99, 175, 223, 116, 63, 235, 168, 26, 223, 8, 93, 152, 24, 208, 205, 156, 21, 132, 112, 42, 230, 125, 119, 141, 209, 42, 228, 146, 93, 22, 142, 31, 145, 67, 108, 21, 208, 25, 161, 112, 249, 45, 105, 181, 91, 85, 250, 241, 166, 253, 253, 189, 6, 209, 48, 217, 255, 60, 122, 248, 115, 241, 134, 98, 156, 218, 137, 168, 127, 114, 166, 90, 247, 161, 35, 189, 176, 29},
    {201, 35, 232, 11, 227, 100, 214, 101, 186, 193, 184, 197, 168, 245, 160, 174, 227, 86, 67, 229, 78, 7, 132, 211, 182, 161, 125, 154, 61, 126, 223, 167, 173, 11, 47, 187, 114, 179, 137, 92, 173, 157, 202, 119, 97, 218, 227, 95, 181, 135, 175, 134, 56, 111, 172, 154, 145, 4, 255, 170, 117, 194, 95, 44, 246, 4, 237, 152, 100, 14, 159, 192, 147, 74, 228, 207, 207, 79, 5, 236, 125, 237, 213, 196, 173, 197, 68, 144, 129, 56, 167, 32, 159, 103, 132, 131, 143, 241, 208, 56, 98, 123, 50, 193, 2, 148, 167, 174, 197, 23, 236, 0, 66, 181, 219, 185, 187, 129, 172, 5, 228, 35, 129, 129, 138, 80, 95, 161},
    {74, 23, 23, 213, 191, 131, 222, 210, 111, 240, 12, 105, 99, 68, 183, 22, 113, 42, 205, 106, 78, 182, 84, 102, 106, 8, 247, 217, 237, 128, 0, 237, 249, 124, 159, 54, 2, 214, 52, 179, 158, 113, 94, 187, 167, 183, 218, 16, 179, 36, 78, 22, 154, 42, 91, 200, 196, 20, 67, 3, 95, 202, 95, 227, 174, 20, 64, 207, 203, 57, 1, 228, 66, 81, 160, 86, 134, 248, 68, 182, 47, 162, 95, 37, 136, 208, 213, 41, 113, 127, 221, 101, 61, 170, 65, 75, 90, 240, 7, 45, 241, 155, 31, 189, 135, 53, 43, 84, 14, 152, 169, 61, 47, 246, 3, 114, 1, 185, 245, 49, 225, 85, 228, 192, 196, 44, 134, 160},
    {11, 126, 250, 58, 123, 128, 159, 208, 221, 201, 229, 112, 34, 240, 24, 8, 65, 120, 139, 232, 121, 245, 122, 105, 76, 21, 99, 170, 120, 207, 120, 90, 159, 224, 225, 190, 183, 42, 12, 100, 127, 30, 173, 112, 134, 201, 249, 29, 18, 219, 173, 232, 144, 67, 26, 147, 49, 6, 246, 49, 238, 227, 105, 9, 254, 37, 58, 74, 175, 80, 242, 4, 102, 88, 78, 11, 245, 109, 180, 218, 97, 170, 118, 249, 35, 211, 204, 107, 224, 161, 238, 6, 252, 206, 139, 116, 57, 225, 90, 208, 196, 144, 67, 127, 205, 11, 141, 182, 31, 66, 100, 217, 105, 40, 162, 216, 65, 2, 40, 253, 129, 108, 28, 223, 52, 9, 122, 111},
    {117, 7, 159, 144, 104, 245, 142, 123, 38, 98, 49, 56, 82, 180, 62, 148, 148, 46, 47, 45, 191, 168, 198, 63, 33, 218, 70, 45, 136, 93, 134, 58, 65, 199, 73, 144, 211, 123, 25, 236, 138, 2, 111, 35, 20, 26, 108, 4, 216, 18, 124, 192, 68, 107, 121, 228, 81, 212, 107, 248, 193, 210, 249, 142, 139, 78, 194, 163, 67, 215, 173, 193, 111, 110, 69, 44, 130, 74, 43, 54, 169, 171, 159, 189, 242, 77, 155, 210, 112, 43, 253, 222, 133, 62, 116, 139, 222, 53, 96, 94, 173, 171, 4, 175, 142, 24, 76, 145, 45, 71, 142, 160, 98, 122, 123, 227, 161, 231, 234, 6, 253, 213, 235, 253, 178, 218, 146, 206},
    {229, 189, 68, 80, 65, 71, 7, 21, 121, 4, 95, 245, 200, 93, 174, 52, 253, 195, 201, 119, 177, 138, 60, 70, 54, 10, 230, 201, 179, 200, 227, 118, 66, 203, 84, 112, 238, 230, 127, 145, 227, 187, 14, 213, 23, 190, 66, 76, 186, 205, 4, 243, 249, 112, 45, 103, 27, 222, 134, 212, 50, 90, 138, 254, 205, 18, 99, 123, 87, 78, 179, 47, 26, 228, 158, 5, 229, 4, 233, 162, 60, 77, 211, 52, 227, 7, 8, 216, 243, 151, 104, 206, 74, 242, 136, 194, 118, 27, 179, 82, 98, 57, 205, 127, 152, 144, 136, 32, 163, 6, 255, 70, 155, 213, 229, 8, 156, 80, 124, 96, 204, 87, 90, 26, 255, 46, 98, 171},
    {162, 240, 1, 35, 151, 209, 79, 127, 245, 183, 78, 85, 203, 151, 91, 118, 109, 85, 40, 196, 56, 185, 212, 84, 89, 41, 138, 50, 165, 133, 120, 253, 130, 123, 248, 76, 119, 65, 237, 68, 150, 29, 143, 236, 74, 22, 214, 169, 137, 226, 61, 182, 180, 192, 219, 137, 35, 82, 207, 86, 245, 93, 117, 79, 24, 42, 172, 52, 125, 240, 254, 220, 225, 110, 200, 79, 31, 188, 167, 143, 9, 19, 79, 69, 82, 29, 219, 60, 26, 105, 64, 108, 28, 19, 255, 101, 206, 55, 60, 79, 149, 71, 132, 179, 48, 0, 155, 61, 46, 22, 96, 97, 88, 17, 23, 109, 135, 202, 244, 233, 220, 178, 246, 237, 49, 187, 131, 149},
    {113, 212, 252, 138, 69, 243, 255, 100, 59, 246, 170, 2, 48, 142, 14, 16, 171, 18, 22, 139, 55, 83, 60, 204, 24, 5, 210, 70, 127, 205, 74, 57, 201, 75, 26, 54, 244, 18, 116, 217, 41, 242, 107, 82, 185, 111, 4, 172, 111, 19, 219, 76, 211, 239, 112, 1, 255, 236, 185, 71, 50, 112, 162, 30, 234, 54, 184, 225, 195, 184, 237, 69, 66, 21, 1, 149, 114, 1, 104, 67, 52, 103, 166, 13, 56, 225, 109, 178, 163, 58, 249, 149, 32, 86, 83, 74, 132, 15, 149, 103, 126, 67, 94, 37, 122, 183, 0, 14, 60, 57, 162, 240, 53, 241, 93, 175, 108, 170, 10, 170, 63, 154, 70, 119, 123, 250, 111, 131},
    {86, 99, 103, 86, 34, 127, 185, 210, 157, 113, 58, 138, 6, 37, 190, 203, 233, 113, 28, 111, 200, 16, 121, 133, 233, 27, 57, 234, 95, 159, 80, 170, 100, 131, 167, 63, 103, 246, 221, 3, 13, 194, 34, 141, 160, 108, 156, 28, 196, 1, 112, 128, 178, 3, 142, 162, 187, 24, 254, 243, 91, 21, 230, 50, 40, 76, 246, 33, 238, 4, 20, 162, 231, 149, 104, 11, 129, 142, 52, 20, 131, 132, 129, 105, 59, 45, 114, 229, 224, 243, 173, 145, 12, 224, 97, 28, 180, 189, 55, 85, 195, 86, 9, 252, 49, 66, 85, 125, 192, 101, 186, 168, 38, 194, 62, 157, 232, 126, 102, 223, 57, 183, 240, 95, 240, 217, 237, 167},
    {88, 75, 29, 206, 47, 199, 185, 82, 171, 32, 217, 22, 110, 251, 252, 56, 15, 203, 74, 33, 109, 152, 40, 192, 179, 196, 192, 107, 213, 164, 40, 130, 206, 191, 209, 148, 201, 192, 40, 153, 148, 206, 17, 204, 91, 83, 203, 92, 218, 224, 87, 250, 16, 49, 3, 115, 103, 124, 187, 51, 50, 123, 157, 200, 68, 73, 235, 43, 46, 227, 68, 9, 251, 53, 96, 202, 120, 32, 234, 15, 16, 104, 107, 143, 166, 9, 156, 47, 122, 245, 212, 109, 115, 192, 195, 133, 24, 14, 25, 177, 229, 171, 18, 65, 135, 166, 164, 151, 86, 162, 192, 126, 103, 146, 215, 14, 33, 7, 140, 29, 22, 140, 106, 213, 242, 52, 117, 27},
    {168, 37, 120, 22, 245, 194, 15, 211, 151, 102, 121, 197, 14, 11, 156, 156, 13, 226, 140, 32, 90, 115, 57, 79, 74, 185, 136, 211, 115, 61, 161, 112, 253, 158, 169, 125, 188, 68, 245, 0, 65, 203, 169, 34, 26, 131, 234, 28, 75, 245, 26, 124, 165, 225, 23, 192, 228, 5, 177, 227, 37, 46, 206, 130, 1, 159, 71, 114, 217, 25, 10, 58, 8, 54, 20, 94, 75, 66, 220, 110, 10, 159, 156, 193, 67, 230, 73, 198, 186, 211, 145, 76, 45, 217, 151, 173, 69, 71, 174, 113, 131, 103, 71, 159, 199, 150, 31, 174, 221, 246, 226, 81, 222, 104, 128, 40, 108, 222, 209, 13, 73, 197, 174, 7, 183, 228, 74, 26},
    {231, 125, 168, 51, 213, 134, 28, 247, 148, 72, 227, 243, 174, 65, 136, 94, 105, 118, 87, 174, 225, 167, 44, 110, 212, 240, 228, 242, 241, 142, 249, 250, 138, 251, 179, 2, 251, 156, 241, 141, 61, 42, 109, 44, 248, 9, 43, 109, 195, 99, 8, 16, 192, 215, 112, 62, 20, 241, 45, 255, 87, 138, 171, 184, 116, 145, 51, 76, 43, 80, 29, 150, 142, 177, 150, 34, 101, 162, 23, 51, 75, 205, 27, 195, 11, 9, 164, 133, 5, 178, 18, 20, 181, 183, 157, 86, 57, 32, 249, 150, 136, 35, 139, 252, 35, 187, 158, 168, 33, 18, 233, 191, 164, 93, 181, 11, 183, 105, 226, 224, 191, 31, 199, 52, 197, 81, 240, 210},
    {46, 40, 211, 4, 123, 52, 180, 7, 85, 194, 50, 206, 165, 62, 61, 63, 247, 14, 77, 253, 113, 232, 184, 74, 54, 160, 83, 250, 212, 244, 116, 214, 49, 154, 243, 73, 176, 118, 252, 5, 189, 31, 161, 21, 219, 9, 35, 24, 132, 253, 250, 92, 222, 102, 140, 58, 239, 77, 90, 35, 224, 255, 162, 46, 188, 138, 123, 89, 91, 108, 250, 196, 10, 50, 78, 181, 137, 232, 129, 65, 61, 87, 85, 77, 234, 170, 137, 243, 0, 6, 180, 186, 76, 207, 2, 207, 181, 19, 1, 176, 150, 155, 6, 150, 216, 156, 8, 130, 88, 238, 196, 55, 152, 252, 103, 14, 168, 241, 162, 117, 53, 15, 194, 222, 187, 187, 73, 175},
    {226, 61, 44, 188, 74, 88, 194, 206, 78, 11, 225, 97, 114, 6, 155, 154, 4, 69, 120, 171, 17, 164, 215, 178, 53, 142, 253, 249, 251, 38, 47, 18, 198, 176, 101, 212, 50, 235, 49, 43, 66, 157, 166, 178, 228, 99, 243, 231, 216, 97, 26, 189, 204, 126, 230, 233, 189, 0, 123, 31, 91, 108, 81, 4, 9, 18, 207, 215, 150, 75, 161, 179, 105, 251, 142, 92, 246, 147, 210, 75, 42, 28, 215, 225, 200, 152, 82, 251, 89, 110, 26, 175, 110, 41, 247, 182, 88, 120, 98, 12, 212, 55, 82, 7, 129, 201, 20, 144, 49, 111, 131, 66, 127, 116, 48, 89, 48, 185, 69, 19, 50, 64, 157, 31, 112, 144, 254, 16},
    {2, 63, 136, 6, 85, 83, 141, 36, 11, 153, 143, 169, 2, 213, 254, 122, 11, 243, 179, 217, 51, 190, 27, 63, 232, 41, 103, 116, 175, 161, 16, 55, 78, 185, 241, 245, 220, 73, 173, 39, 15, 84, 213, 253, 234, 251, 175, 247, 38, 99, 27, 250, 159, 178, 165, 33, 166, 209, 92, 77, 94, 60, 211, 196, 147, 50, 172, 109, 111, 202, 71, 254, 44, 245, 212, 131, 225, 164, 9, 33, 158, 31, 27, 86, 13, 97, 22, 136, 253, 84, 238, 33, 247, 194, 200, 172, 55, 226, 85, 249, 27, 147, 88, 189, 90, 100, 34, 95, 84, 136, 203, 210, 54, 243, 201, 248, 42, 228, 25, 107, 50, 105, 215, 213, 190, 87, 158, 152},
    {39, 184, 18, 53, 150, 126, 7, 156, 255, 55, 186, 216, 35, 195, 252, 217, 196, 140, 77, 251, 63, 199, 238, 9, 114, 10, 120, 46, 186, 83, 174, 208, 10, 139, 7, 194, 53, 56, 48, 130, 196, 184, 253, 190, 57, 110, 6, 165, 251, 51, 157, 85, 178, 21, 223, 102, 186, 184, 63, 59, 77, 95, 122, 169, 206, 130, 75, 130, 155, 102, 178, 199, 14, 160, 201, 146, 181, 144, 69, 195, 133, 95, 100, 92, 227, 118, 226, 128, 64, 173, 12, 180, 233, 101, 28, 47, 14, 254, 94, 135, 184, 126, 13, 15, 3, 165, 27, 109, 119, 72, 220, 2, 170, 57, 188, 175, 206, 153, 223, 8, 208, 119, 16, 115, 148, 135, 98, 140},
    {28, 17, 80, 155, 176, 206, 117, 48, 53, 0, 94, 183, 67, 28, 124, 175, 20, 209, 154, 75, 113, 89, 216, 36, 113, 115, 202, 176, 22, 217, 229, 74, 46, 4, 25, 223, 156, 84, 61, 198, 216, 207, 121, 250, 188, 144, 166, 67, 24, 169, 40, 75, 23, 140, 49, 126, 214, 200, 65, 244, 191, 74, 189, 0, 95, 228, 121, 197, 74, 121, 93, 89, 26, 78, 162, 208, 107, 201, 174, 28, 119, 88, 157, 216, 132, 207, 224, 250, 142, 18, 85, 148, 81, 204, 126, 102, 159, 241, 151, 61, 125, 30, 165, 215, 71, 65, 246, 25, 128, 7, 218, 103, 197, 235, 230, 58, 165, 160, 201, 107, 18, 140, 111, 237, 113, 209, 200, 95},
    {141, 186, 168, 207, 88, 192, 161, 162, 40, 205, 16, 80, 101, 19, 139, 113, 183, 163, 203, 91, 208, 232, 217, 130, 191, 110, 197, 163, 237, 41, 217, 28, 255, 112, 190, 225, 240, 128, 87, 245, 9, 36, 84, 18, 165, 192, 181, 151, 254, 96, 65, 224, 176, 4, 5, 249, 139, 64, 90, 57, 117, 238, 99, 87, 126, 64, 41, 208, 124, 43, 247, 54, 110, 68, 255, 159, 198, 86, 238, 152, 47, 230, 145, 47, 176, 227, 140, 163, 163, 62, 85, 60, 95, 51, 233, 132, 158, 1, 230, 133, 132, 130, 58, 10, 27, 97, 20, 175, 52, 22, 252, 195, 73, 206, 68, 190, 192, 64, 177, 78, 187, 150, 196, 19, 57, 9, 245, 59},
    {80, 7, 152, 189, 200, 111, 7, 197, 180, 139, 96, 118, 156, 155, 154, 197, 3, 190, 112, 143, 159, 147, 228, 219, 67, 69, 239, 46, 98, 190, 16, 162, 229, 69, 193, 31, 8, 168, 141, 83, 150, 218, 78, 25, 251, 1, 162, 189, 179, 29, 63, 246, 100, 77, 216, 12, 92, 95, 192, 255, 36, 44, 39, 147, 18, 182, 197, 32, 140, 174, 239, 244, 218, 116, 111, 5, 200, 125, 104, 251, 203, 90, 110, 142, 214, 209, 45, 95, 75, 166, 142, 83, 33, 237, 68, 0, 98, 99, 190, 29, 210, 121, 244, 92, 20, 218, 176, 65, 111, 162, 165, 11, 11, 17, 106, 97, 119, 151, 246, 216, 222, 3, 253, 164, 113, 37, 34, 235},
    {55, 42, 188, 186, 254, 198, 244, 143, 222, 215, 82, 164, 30, 52, 137, 60, 60, 39, 58, 162, 134, 46, 214, 26, 181, 169, 173, 252, 2, 237, 28, 135, 128, 199, 159, 158, 129, 226, 115, 98, 23, 118, 124, 197, 130, 253, 204, 217, 7, 45, 206, 88, 134, 121, 70, 172, 199, 223, 252, 131, 79, 117, 187, 42, 69, 227, 70, 180, 145, 52, 104, 137, 2, 137, 214, 84, 157, 60, 160, 32, 202, 125, 127, 96, 14, 0, 25, 83, 33, 138, 0, 54, 17, 61, 186, 34, 50, 176, 180, 99, 247, 14, 36, 46, 131, 116, 79, 99, 66, 173, 1, 85, 170, 228, 124, 222, 162, 83, 70, 214, 41, 242, 79, 195, 185, 177, 169, 190},
    {174, 184, 113, 234, 93, 221, 149, 109, 27, 62, 99, 191, 197, 65, 7, 218, 146, 193, 61, 248, 152, 21, 131, 105, 130, 15, 36, 136, 16, 141, 171, 187, 148, 97, 58, 106, 186, 46, 127, 18, 214, 76, 200, 5, 170, 167, 181, 230, 77, 231, 182, 93, 79, 199, 59, 59, 52, 193, 22, 232, 204, 79, 240, 242, 211, 17, 199, 250, 197, 153, 5, 122, 192, 241, 175, 34, 254, 184, 90, 246, 22, 56, 146, 194, 2, 26, 126, 166, 134, 255, 143, 253, 10, 114, 151, 247, 233, 63, 193, 214, 62, 84, 74, 76, 140, 200, 2, 103, 137, 247, 208, 21, 99, 135, 37, 43, 194, 35, 197, 245, 128, 62, 233, 240, 26, 54, 94, 14},
    {52, 118, 247, 40, 153, 14, 91, 186, 167, 1, 122, 143, 43, 52, 97, 87, 37, 203, 1, 214, 159, 83, 255, 96, 10, 70, 36, 232, 12, 127, 146, 164, 143, 103, 94, 50, 199, 108, 9, 193, 106, 191, 141, 150, 7, 10, 52, 251, 194, 113, 121, 165, 93, 153, 163, 125, 175, 154, 15, 49, 203, 190, 176, 174, 173, 217, 105, 203, 251, 163, 249, 240, 189, 195, 145, 73, 147, 213, 55, 138, 5, 203, 191, 182, 65, 86, 89, 208, 58, 136, 247, 145, 49, 23, 177, 85, 154, 32, 17, 206, 181, 51, 192, 88, 108, 137, 250, 112, 128, 86, 218, 35, 119, 90, 254, 215, 179, 103, 68, 209, 5, 218, 90, 252, 251, 145, 243, 8},
    {64, 26, 61, 173, 10, 231, 238, 171, 18, 15, 11, 97, 79, 89, 164, 187, 105, 227, 252, 192, 47, 7, 203, 26, 123, 22, 68, 79, 200, 228, 66, 213, 215, 214, 135, 58, 16, 247, 133, 156, 114, 33, 193, 113, 202, 241, 9, 107, 20, 207, 100, 128, 31, 58, 166, 97, 150, 166, 163, 246, 184, 130, 213, 120, 87, 68, 157, 3, 84, 133, 173, 117, 28, 69, 143, 109, 189, 40, 1, 183, 78, 61, 48, 87, 90, 217, 21, 45, 151, 222, 66, 58, 231, 154, 160, 203, 250, 189, 241, 183, 18, 226, 11, 216, 143, 142, 85, 176, 101, 171, 197, 88, 11, 61, 2, 229, 11, 213, 156, 133, 183, 183, 19, 242, 22, 50, 208, 71},
    {175, 232, 239, 32, 245, 27, 108, 75, 170, 137, 77, 32, 11, 78, 173, 211, 157, 70, 101, 6, 187, 13, 185, 19, 72, 0, 9, 31, 81, 155, 8, 104, 76, 218, 46, 91, 11, 65, 39, 35, 168, 231, 65, 148, 36, 55, 227, 13, 242, 72, 71, 67, 244, 191, 69, 19, 82, 95, 37, 62, 182, 82, 155, 82, 255, 232, 188, 86, 194, 165, 100, 218, 84, 63, 198, 53, 8, 182, 217, 127, 21, 34, 57, 206, 61, 230, 64, 71, 239, 40, 204, 147, 218, 26, 89, 245, 161, 247, 113, 234, 243, 182, 38, 248, 159, 190, 151, 207, 51, 182, 117, 167, 218, 95, 237, 110, 220, 9, 168, 200, 190, 17, 133, 117, 246, 103, 107, 24},
    {158, 138, 221, 135, 111, 23, 21, 202, 100, 144, 128, 130, 53, 210, 8, 153, 116, 253, 67, 247, 194, 72, 159, 170, 46, 174, 156, 138, 20, 93, 4, 160, 57, 214, 59, 22, 194, 209, 164, 77, 53, 43, 178, 69, 208, 239, 213, 240, 17, 254, 190, 133, 113, 108, 91, 125, 173, 22, 78, 152, 68, 199, 152, 211, 140, 58, 123, 194, 102, 189, 117, 214, 120, 96, 34, 81, 184, 120, 162, 15, 40, 6, 26, 27, 232, 119, 117, 121, 195, 191, 89, 230, 93, 3, 44, 201, 136, 132, 117, 149, 150, 114, 150, 138, 221, 46, 124, 175, 92, 195, 255, 149, 36, 40, 173, 195, 10, 102, 183, 180, 253, 255, 176, 92, 76, 9, 156, 90},
    {165, 238, 127, 214, 217, 120, 249, 118, 18, 224, 248, 236, 217, 232, 218, 233, 92, 127, 118, 216, 20, 49, 70, 43, 93, 232, 88, 134, 241, 88, 94, 235, 168, 156, 230, 49, 76, 108, 37, 19, 189, 195, 13, 72, 36, 231, 166, 116, 227, 18, 26, 215, 169, 221, 99, 166, 108, 88, 255, 182, 132, 175, 76, 68, 16, 201, 98, 138, 224, 239, 159, 205, 57, 147, 144, 43, 88, 205, 65, 83, 58, 187, 228, 11, 240, 180, 149, 195, 88, 189, 41, 127, 30, 15, 116, 54, 9, 163, 194, 80, 161, 119, 184, 228, 94, 135, 40, 182, 128, 143, 106, 129, 230, 218, 67, 253, 124, 89, 163, 254, 133, 111, 143, 167, 138, 107, 170, 21},
    {49, 33, 234, 95, 25, 254, 7, 205, 7, 183, 12, 10, 163, 183, 25, 13, 104, 253, 187, 192, 3, 59, 176, 62, 78, 69, 65, 62, 152, 74, 254, 58, 95, 67, 176, 32, 202, 14, 48, 53, 72, 160, 185, 230, 145, 17, 254, 25, 57, 152, 162, 175, 98, 13, 165, 224, 85, 117, 97, 156, 179, 142, 112, 62, 225, 76, 16, 173, 98, 139, 250, 124, 162, 216, 178, 152, 215, 169, 190, 57, 13, 123, 158, 241, 65, 25, 197, 217, 119, 41, 75, 209, 42, 47, 63, 66, 184, 158, 55, 162, 89, 201, 107, 233, 219, 210, 76, 42, 149, 115, 251, 194, 158, 198, 233, 229, 177, 194, 128, 38, 121, 50, 46, 225, 176, 221, 53, 136},
    {34, 13, 183, 224, 107, 118, 234, 124, 75, 77, 92, 45, 110, 43, 216, 173, 191, 208, 124, 74, 46, 94, 167, 60, 28, 142, 196, 123, 191, 64, 76, 47, 64, 180, 212, 163, 69, 90, 234, 164, 50, 194, 14, 210, 158, 97, 89, 10, 206, 190, 203, 162, 69, 230, 151, 19, 247, 73, 55, 22, 37, 185, 84, 221, 211, 65, 63, 191, 215, 231, 82, 81, 239, 237, 11, 98, 37, 125, 48, 163, 162, 254, 158, 118, 255, 159, 236, 92, 44, 31, 91, 134, 229, 73, 90, 138, 1, 104, 11, 246, 216, 41, 120, 165, 58, 121, 154, 212, 158, 172, 92, 195, 240, 160, 79, 98, 59, 230, 161, 85, 119, 202, 169, 42, 207, 42, 130, 31},
    {199, 235, 72, 197, 45, 118, 224, 148, 247, 242, 198, 110, 222, 52, 199, 169, 153, 216, 114, 68, 25, 46, 171, 110, 27, 73, 166, 65, 132, 110, 161, 179, 54, 81, 134, 63, 79, 18, 39, 240, 31, 91, 68, 177, 178, 42, 152, 191, 50, 9, 103, 185, 231, 81, 105, 195, 50, 158, 40, 212, 168, 81, 90, 237, 63, 17, 184, 215, 248, 157, 229, 198, 231, 169, 14, 110, 177, 249, 145, 129, 34, 190, 214, 142, 251, 244, 127, 109, 110, 125, 152, 108, 119, 11, 82, 42, 102, 168, 215, 24, 82, 147, 143, 98, 32, 27, 78, 171, 94, 158, 184, 227, 110, 91, 151, 114, 69, 74, 175, 235, 134, 7, 56, 35, 14, 168, 166, 61},
    {43, 20, 148, 128, 125, 107, 80, 171, 221, 202, 183, 232, 77, 120, 153, 90, 63, 44, 91, 236, 161, 243, 235, 255, 13, 196, 128, 87, 64, 16, 187, 73, 175, 26, 13, 193, 47, 243, 13, 7, 143, 158, 181, 150, 38, 76, 43, 190, 163, 75, 199, 227, 56, 4, 138, 232, 243, 95, 99, 232, 241, 19, 134, 247, 133, 251, 31, 151, 4, 190, 229, 108, 122, 164, 56, 88, 199, 151, 216, 98, 189, 157, 158, 132, 89, 144, 219, 245, 25, 76, 253, 135, 85, 22, 152, 78, 202, 76, 40, 210, 171, 98, 217, 60, 68, 213, 57, 167, 3, 144, 52, 41, 216, 235, 147, 101, 91, 248, 208, 99, 5, 201, 42, 20, 117, 84, 223, 16}
};