0 0 0 0 0 0 0 0 0 0 0 0 0 0 0 0 0 0 0 0 0 0 0 0 0 0 0 0 
0 0 0 0 0 0 0 0 0 0 0 0 0 0 0 0 0 0 0 0 0 0 0 0 0 0 0 0 
0 0 0 0 0 0 0 0 0 0 0 0 0 0 0 0 0 0 0 0 0 0 0 0 0 0 0 0 
0 0 0 0 0 0 0 0 0 0 47 34 190 130 252 96 109 0 0 0 0 0 0 0 0 0 0 0 
0 0 0 0 0 0 0 0 0 47 201 90 98 164 67 134 108 0 0 0 0 0 0 0 0 0 0 0 
0 0 0 0 0 0 0 0 0 167 228 98 142 240 35 250 45 7 0 0 0 0 0 0 0 0 0 0 
0 0 0 0 0 0 0 0 0 72 60 59 212 233 96 17 147 22 0 0 0 0 0 0 0 0 0 0 
0 0 0 0 0 0 0 0 0 208 161 54 118 251 217 187 66 82 0 0 0 0 0 0 0 0 0 0 
0 0 0 0 0 0 0 0 22 109 6 195 163 66 34 165 229 19 0 0 0 0 0 0 0 0 0 0 
0 0 0 0 0 0 0 0 33 184 163 126 208 228 40 80 23 71 0 0 0 0 0 0 0 0 0 0 
0 0 0 0 0 0 0 0 33 130 171 159 192 190 202 212 127 249 0 0 0 0 0 0 0 0 0 0 
0 0 0 0 0 0 0 0 11 167 17 167 91 42 77 5 226 248 0 0 0 0 0 0 0 0 0 0 
0 0 0 0 0 0 0 0 0 245 59 32 180 180 184 172 74 45 53 0 0 0 0 0 0 0 0 0 
0 0 0 0 0 0 0 0 0 99 8 114 240 232 159 188 105 12 116 0 0 0 0 0 0 0 0 0 
0 0 0 0 0 0 0 0 0 52 224 28 229 10 134 27 48 200 169 0 0 0 0 0 0 0 0 0 
0 0 0 0 0 0 0 0 0 5 99 176 80 54 202 135 3 134 59 0 0 0 0 0 0 0 0 0 
0 0 0 0 0 0 0 0 0 0 200 44 234 83 20 126 131 104 133 34 0 0 0 0 0 0 0 0 
0 0 0 0 0 0 0 0 0 0 10 34 0 41 50 217 169 200 134 92 0 0 0 0 0 0 0 0 
0 0 0 0 0 0 0 0 0 0 82 152 144 18 34 225 102 9 105 137 0 0 0 0 0 0 0 0 
0 0 0 0 0 0 0 0 0 0 0 77 39 132 7 108 22 230 225 137 65 0 0 0 0 0 0 0 
0 0 0 0 0 0 0 0 0 0 0 120 62 237 108 37 71 57 216 10 215 13 0 0 0 0 0 0 
0 0 0 0 0 0 0 0 0 0 0 169 151 107 189 216 156 111 18 127 239 139 0 0 0 0 0 0 
0 0 0 0 0 0 0 0 0 0 0 76 72 252 57 199 234 188 142 99 7 173 0 0 0 0 0 0 
0 0 0 0 0 0 0 0 0 0 0 0 243 228 209 20 212 189 228 27 246 139 0 0 0 0 0 0 
0 0 0 0 0 0 0 0 0 0 0 0 21 197 128 82 26 113 219 248 18 160 0 0 0 0 0 0 
0 0 0 0 0 0 0 0 0 0 0 0 0 54 241 100 225 89 34 131 64 0 0 0 0 0 0 0 
0 0 0 0 0 0 0 0 0 0 0 0 0 0 33 211 29 115 252 160 0 0 0 0 0 0 0 0 
0 0 0 0 0 0 0 0 0 0 0 0 0 0 0 0 0 0 0 0 0 0 0 0 0 0 0 0 
