0 0 0 0 0 0 0 0 0 0 0 0 0 0 0 0 0 0 0 0 0 0 0 0 0 0 0 0 
0 0 0 0 0 0 0 0 0 62 28 85 5 84 250 61 17 0 0 0 0 0 0 0 0 0 0 0 
0 0 0 0 0 0 0 0 15 6 187 10 151 251 158 59 79 0 0 0 0 0 0 0 0 0 0 0 
0 0 0 0 0 0 0 0 22 233 184 144 35 102 227 91 26 0 0 0 0 0 0 0 0 0 0 0 
0 0 0 0 0 0 0 0 41 34 125 204 164 82 15 169 33 0 0 0 0 0 0 0 0 0 0 0 
0 0 0 0 0 0 0 0 154 229 115 125 183 20 94 12 9 0 0 0 0 0 0 0 0 0 0 0 
0 0 0 0 0 0 0 0 135 17 219 61 164 99 176 173 0 0 0 0 0 0 0 0 0 0 0 0 
0 0 0 0 0 0 0 0 188 54 128 224 123 101 217 7 0 0 0 0 0 0 0 0 0 0 0 0 
0 0 0 0 0 0 0 150 189 23 135 76 212 136 39 25 0 0 0 43 43 86 43 43 0 0 0 0 
0 0 0 0 0 0 34 54 232 38 44 18 56 228 224 0 0 0 253 25 222 242 158 206 189 32 0 0 
0 0 0 0 0 0 178 76 125 29 118 221 172 170 58 0 17 131 127 149 188 177 101 232 162 69 0 0 
0 0 0 0 0 0 71 162 254 198 210 157 101 232 0 68 217 153 49 27 115 145 215 218 173 101 0 0 
0 0 0 0 0 45 215 210 129 4 156 5 79 106 183 195 75 172 201 37 115 233 240 224 141 88 0 0 
0 0 0 0 0 198 168 37 131 138 39 233 206 132 232 39 220 27 217 209 253 92 247 55 10 69 0 0 
0 0 0 0 0 126 219 18 127 250 165 155 123 183 152 2 255 215 36 237 231 63 189 205 84 19 0 0 
0 0 0 0 0 9 226 59 127 245 147 194 227 119 103 93 73 190 205 254 19 137 156 152 113 0 0 0 
0 0 0 0 0 41 115 163 154 162 129 90 177 76 152 213 16 63 31 234 217 126 130 166 92 0 0 0 
0 0 0 0 0 20 233 52 44 138 185 80 46 181 94 147 21 43 147 56 226 6 56 34 0 0 0 0 
0 0 0 0 0 111 232 211 186 239 179 44 62 228 193 3 138 46 126 40 183 164 98 0 0 0 0 0 
0 0 0 0 0 182 0 143 67 156 0 79 143 150 174 64 22 96 75 42 100 14 0 0 0 0 0 0 
0 0 0 0 0 19 37 63 76 82 224 146 90 3 227 163 175 22 160 192 247 0 0 0 0 0 0 0 
0 0 0 0 0 0 19 1 227 185 118 224 211 41 95 221 74 249 120 177 37 0 0 0 0 0 0 0 
0 0 0 0 0 0 0 0 221 115 27 28 100 12 61 122 125 138 19 74 0 0 0 0 0 0 0 0 
0 0 0 0 0 0 0 0 0 75 43 129 108 243 62 164 34 231 37 0 0 0 0 0 0 0 0 0 
0 0 0 0 0 0 0 0 0 0 0 0 0 0 0 0 0 0 0 0 0 0 0 0 0 0 0 0 
0 0 0 0 0 0 0 0 0 0 0 0 0 0 0 0 0 0 0 0 0 0 0 0 0 0 0 0 
0 0 0 0 0 0 0 0 0 0 0 0 0 0 0 0 0 0 0 0 0 0 0 0 0 0 0 0 
0 0 0 0 0 0 0 0 0 0 0 0 0 0 0 0 0 0 0 0 0 0 0 0 0 0 0 0 
