0 0 0 0 0 0 0 0 0 0 0 0 0 0 0 0 0 0 0 0 0 0 0 0 0 0 0 0 
0 0 0 0 0 0 0 0 0 0 0 0 0 0 0 0 0 0 0 0 0 0 0 0 0 0 0 0 
0 0 0 0 0 0 0 0 0 0 0 0 0 0 0 0 0 0 0 0 0 0 0 0 0 0 0 0 
0 0 0 0 0 0 0 0 0 0 0 0 0 0 0 0 0 0 0 0 0 0 0 0 0 0 0 0 
0 0 0 0 0 0 0 0 0 0 0 0 0 0 0 0 0 0 0 0 0 0 0 0 0 0 0 0 
0 0 0 0 0 0 0 0 0 0 0 0 0 0 0 0 0 0 0 0 0 0 0 0 0 0 0 0 
0 0 0 0 0 0 0 81 34 113 69 114 119 82 84 0 0 0 0 0 0 0 0 0 0 0 0 0 
0 0 0 0 0 0 95 81 205 47 193 216 55 213 136 171 61 44 22 9 0 0 0 0 0 0 0 0 
0 0 0 0 0 14 96 185 5 219 180 160 235 67 10 95 165 97 200 87 113 12 0 0 0 0 0 0 
0 0 0 0 0 49 35 206 53 78 82 95 135 182 254 199 131 252 142 150 193 160 0 0 0 0 0 0 
0 0 0 0 0 198 0 144 115 29 62 72 234 116 225 107 31 8 100 172 65 248 19 0 0 0 0 0 
0 0 0 0 0 77 87 151 227 112 229 33 186 217 17 54 98 123 119 230 175 68 110 0 0 0 0 0 
0 0 0 0 0 112 19 35 140 55 35 236 98 55 89 99 99 45 153 23 50 213 195 5 0 0 0 0 
0 0 0 0 0 244 45 46 135 140 18 94 167 76 227 251 55 203 39 215 195 66 123 20 0 0 0 0 
0 0 0 0 0 103 234 12 67 33 157 184 166 70 60 153 126 2 160 125 163 131 129 5 0 0 0 0 
0 0 0 0 0 33 91 84 91 31 194 125 55 229 95 85 34 159 156 89 254 254 112 20 0 0 0 0 
0 0 0 0 0 8 8 183 7 180 117 240 30 20 159 15 42 178 248 115 108 68 216 0 0 0 0 0 
0 0 0 0 0 0 53 67 137 179 143 21 56 105 172 173 20 212 222 185 216 39 124 0 0 0 0 0 
0 0 0 0 0 0 0 45 92 161 116 116 24 132 39 227 116 28 199 160 124 124 22 0 0 0 0 0 
0 0 0 0 0 0 0 0 0 0 0 0 0 207 231 191 170 88 8 175 87 5 0 0 0 0 0 0 
0 0 0 0 0 0 0 0 0 0 0 0 0 225 107 134 192 155 16 225 32 197 0 0 0 0 0 0 
0 0 0 0 0 0 0 0 0 0 0 0 0 15 39 151 91 172 112 30 157 79 0 0 0 0 0 0 
0 0 0 0 0 0 0 0 0 0 0 0 0 168 128 135 1 197 218 86 231 37 0 0 0 0 0 0 
0 0 0 0 0 0 0 0 0 0 0 0 29 211 183 239 203 9 196 104 80 22 0 0 0 0 0 0 
0 0 0 0 0 0 0 0 0 0 0 0 153 176 204 238 105 140 123 14 121 0 0 0 0 0 0 0 
0 0 0 0 0 0 0 0 0 0 0 0 89 168 137 229 117 54 125 197 43 0 0 0 0 0 0 0 
0 0 0 0 0 0 0 0 0 0 0 0 60 147 208 199 36 40 162 244 23 0 0 0 0 0 0 0 
0 0 0 0 0 0 0 0 0 0 0 0 0 0 0 0 0 0 0 0 0 0 0 0 0 0 0 0 
