0 0 0 0 0 0 0 0 0 0 0 0 0 0 0 0 0 0 0 0 0 0 0 0 0 0 0 0 
0 0 0 0 0 0 0 0 0 0 0 0 0 0 0 0 0 0 0 0 0 0 0 0 0 0 0 0 
0 0 0 0 0 0 55 44 57 109 196 93 104 76 166 48 0 0 0 0 0 0 0 0 0 0 0 0 
0 0 0 0 0 55 88 143 129 43 64 253 201 41 64 83 101 3 0 0 0 0 0 0 0 0 0 0 
0 0 0 0 0 44 88 252 99 188 248 77 15 212 144 185 54 47 0 0 0 0 0 0 0 0 0 0 
0 0 0 0 0 2 208 191 89 197 255 115 149 128 137 157 125 147 0 0 0 0 0 0 0 0 0 0 
0 0 0 0 0 232 182 117 44 250 131 17 212 77 50 149 89 210 4 0 0 0 0 0 0 0 0 0 
0 0 0 0 0 243 18 175 130 85 6 221 157 186 23 199 119 181 27 0 0 0 0 0 0 0 0 0 
0 0 0 0 0 29 229 244 253 34 49 120 80 18 249 195 175 9 31 0 0 0 0 0 0 0 0 0 
0 0 0 0 0 0 61 68 124 133 81 128 159 125 187 84 64 112 54 0 0 0 0 0 0 0 0 0 
0 0 0 0 0 0 0 32 160 205 135 168 47 26 183 225 111 35 30 0 0 0 0 0 0 0 0 0 
0 0 0 0 0 0 0 0 111 50 73 25 42 174 84 158 4 205 27 0 0 0 0 0 0 0 0 0 
0 0 0 0 0 0 0 0 5 186 242 20 72 32 77 112 253 252 3 0 0 16 65 227 191 32 126 0 
0 0 0 0 0 0 0 56 154 227 141 243 231 187 169 71 197 155 0 0 43 29 25 76 181 78 81 0 
0 0 0 0 0 0 0 26 103 249 66 172 111 89 239 119 101 48 92 13 52 162 58 44 58 219 233 0 
0 0 0 0 0 0 60 46 199 72 43 6 67 137 146 85 46 128 130 34 160 0 25 67 99 46 213 0 
0 0 0 0 0 0 88 63 78 51 14 123 232 29 104 189 95 182 114 179 110 194 241 204 29 126 164 0 
0 0 0 0 0 49 242 4 123 227 149 89 109 142 21 218 15 243 173 47 81 5 173 222 179 1 65 0 
0 0 0 0 0 167 180 180 89 82 45 213 185 186 230 143 157 32 211 225 64 90 206 143 1 204 142 0 
0 0 0 0 0 0 48 37 198 148 150 115 5 194 246 40 14 112 125 210 98 181 167 235 121 231 128 0 
0 0 0 0 0 207 127 139 30 63 62 125 23 9 61 200 229 252 76 143 65 105 235 218 103 249 84 0 
0 0 0 0 0 89 195 6 1 142 128 234 215 225 88 167 0 155 11 101 55 68 63 143 34 10 0 0 
0 0 0 0 0 0 83 247 109 158 114 208 172 169 113 135 245 116 101 235 69 55 3 0 0 0 0 0 
0 0 0 0 0 0 37 181 245 221 83 4 53 148 216 88 48 234 71 67 0 0 0 0 0 0 0 0 
0 0 0 0 0 0 0 251 185 119 208 12 139 5 173 37 61 70 0 0 0 0 0 0 0 0 0 0 
0 0 0 0 0 0 0 0 214 254 212 245 115 57 117 66 0 0 0 0 0 0 0 0 0 0 0 0 
0 0 0 0 0 0 0 0 0 0 0 0 0 0 0 0 0 0 0 0 0 0 0 0 0 0 0 0 
0 0 0 0 0 0 0 0 0 0 0 0 0 0 0 0 0 0 0 0 0 0 0 0 0 0 0 0 
