0 0 0 0 0 0 0 0 0 0 0 0 0 0 0 0 0 0 0 0 0 0 0 0 0 0 0 0 
0 0 0 0 0 0 0 0 0 0 0 0 0 0 0 0 0 0 0 0 0 0 0 0 0 0 0 0 
0 0 0 0 0 0 0 0 0 0 0 0 0 0 0 0 0 0 0 0 0 0 0 0 0 0 0 0 
0 0 0 0 0 0 0 0 0 0 0 0 0 0 0 0 0 0 0 0 0 0 0 0 0 0 0 0 
0 0 0 0 0 0 0 0 0 0 0 0 0 0 0 0 0 0 0 0 32 160 51 169 156 31 137 0 
0 0 0 0 0 0 0 0 0 0 0 0 0 0 0 0 3 51 169 222 182 89 158 2 116 60 147 0 
0 0 0 0 0 0 0 0 0 0 0 0 0 23 96 46 129 147 106 196 200 23 149 23 122 238 107 0 
0 0 0 0 0 0 0 0 0 0 59 0 35 0 53 58 148 246 21 110 204 156 109 81 61 132 231 0 
0 0 0 0 0 0 0 0 0 115 103 169 141 177 182 193 148 71 194 37 185 143 106 7 76 111 18 0 
0 0 0 0 0 0 0 0 64 109 16 164 31 58 95 44 150 212 183 33 163 18 236 2 61 46 40 0 
0 0 0 0 0 0 0 18 199 66 166 64 214 188 157 34 128 171 61 5 186 11 33 11 110 148 0 0 
0 0 0 0 0 0 15 126 78 136 151 228 34 240 212 248 29 99 250 232 101 102 1 0 0 0 0 0 
0 0 0 0 0 14 144 22 67 184 204 197 158 113 128 226 121 108 96 109 244 100 99 0 0 0 0 0 
0 0 0 0 9 4 128 26 148 239 129 90 27 29 228 43 241 117 140 183 241 135 245 15 0 0 0 0 
0 0 0 0 114 114 19 22 114 57 53 159 36 51 128 59 56 253 40 245 140 238 154 23 0 0 0 0 
0 0 0 65 183 1 201 253 224 99 242 82 191 113 102 15 234 69 67 204 12 69 63 46 0 0 0 0 
0 0 0 46 52 223 37 146 114 94 157 184 189 100 76 23 160 79 129 244 115 45 67 23 0 0 0 0 
0 0 0 214 87 69 33 99 158 34 55 194 10 0 0 90 230 146 15 69 92 177 220 31 0 0 0 0 
0 0 0 214 53 193 108 252 237 33 30 144 34 82 0 164 228 9 244 69 34 94 105 0 0 0 0 0 
0 0 0 233 98 88 73 142 17 213 144 40 234 64 46 185 9 218 64 220 68 132 187 0 0 0 0 0 
0 0 0 65 252 96 85 80 80 47 222 174 122 184 124 18 140 147 153 248 20 110 86 0 0 0 0 0 
0 0 0 0 110 14 240 186 203 47 135 103 185 218 215 68 146 248 41 99 178 100 3 0 0 0 0 0 
0 0 0 0 0 75 196 206 112 193 138 103 250 61 179 236 202 160 9 251 72 9 0 0 0 0 0 0 
0 0 0 0 0 0 40 25 90 173 65 202 144 123 168 60 170 155 38 222 9 0 0 0 0 0 0 0 
0 0 0 0 0 0 0 10 80 216 120 78 39 74 145 80 114 95 198 3 0 0 0 0 0 0 0 0 
0 0 0 0 0 0 0 0 0 0 8 53 61 106 106 87 53 34 0 0 0 0 0 0 0 0 0 0 
0 0 0 0 0 0 0 0 0 0 0 0 0 0 0 0 0 0 0 0 0 0 0 0 0 0 0 0 
0 0 0 0 0 0 0 0 0 0 0 0 0 0 0 0 0 0 0 0 0 0 0 0 0 0 0 0 
