0 0 0 0 0 0 0 0 0 0 0 0 0 0 0 0 0 0 0 0 0 0 0 0 0 0 0 0 
0 0 0 0 0 0 0 0 0 0 0 0 0 0 0 0 0 0 0 0 0 0 0 0 0 0 0 0 
0 0 0 0 0 0 0 0 0 0 0 0 0 0 0 0 0 0 0 0 0 0 0 0 0 0 0 0 
0 0 0 0 0 0 0 0 0 0 0 0 0 0 0 87 77 124 27 253 206 216 0 0 0 0 0 0 
0 0 0 0 0 0 0 0 0 0 0 0 0 0 119 166 63 107 102 105 206 35 38 0 0 0 0 0 
0 0 0 0 0 0 0 0 0 0 0 0 0 32 42 234 250 220 95 144 103 206 135 0 0 0 0 0 
0 0 0 0 0 0 0 0 0 0 0 0 0 46 76 78 19 246 137 162 178 186 45 36 0 0 0 0 
0 0 0 0 0 0 0 0 0 0 0 0 131 83 230 13 109 33 219 98 38 58 120 135 0 0 0 0 
0 0 0 0 0 0 0 0 0 0 0 48 47 108 7 219 185 188 108 157 219 99 21 194 0 0 0 0 
0 0 0 0 0 0 0 0 0 0 10 178 217 198 195 158 172 144 106 246 72 164 88 157 36 0 0 0 
0 0 0 0 0 0 0 0 0 0 44 210 248 252 66 243 237 27 55 112 127 182 230 85 78 0 0 0 
0 0 0 0 0 0 0 0 0 194 220 174 46 137 25 137 85 90 191 71 36 142 7 242 72 0 0 0 
0 0 0 0 0 0 0 0 94 230 220 13 111 48 196 85 109 212 216 68 63 15 107 116 78 0 0 0 
0 0 0 0 0 0 0 23 209 201 142 126 133 235 202 172 88 70 173 78 252 136 2 120 36 0 0 0 
0 0 0 0 0 0 0 247 196 100 217 89 40 164 108 103 76 238 246 1 48 116 93 124 0 0 0 0 
0 0 0 0 0 0 126 42 183 156 86 60 100 137 97 8 142 223 4 152 74 116 100 84 0 0 0 0 
0 0 0 0 0 43 196 234 229 215 222 141 213 199 28 13 83 233 26 56 23 217 74 183 0 0 0 0 
0 0 0 0 0 174 74 114 25 246 77 169 1 156 0 22 246 111 118 202 200 240 42 106 0 0 0 0 
0 0 0 0 31 217 97 227 90 9 49 195 244 30 28 72 203 242 2 87 119 16 238 70 0 0 0 0 
0 0 0 0 80 0 7 176 202 228 185 79 113 33 241 64 87 76 32 186 86 43 4 0 0 0 0 0 
0 0 0 0 92 167 254 233 24 79 120 6 218 184 222 36 168 4 78 242 34 29 38 0 0 0 0 0 
0 0 0 0 92 104 252 69 68 92 227 110 110 253 197 49 30 45 234 99 64 182 0 0 0 0 0 0 
0 0 0 0 43 226 1 247 111 204 2 118 3 162 79 136 127 244 44 161 60 0 0 0 0 0 0 0 
0 0 0 0 31 166 147 197 147 206 163 230 16 255 180 211 48 143 39 251 0 0 0 0 0 0 0 0 
0 0 0 0 0 199 61 36 69 111 243 188 244 210 142 60 238 68 92 0 0 0 0 0 0 0 0 0 
0 0 0 0 0 32 45 0 149 28 224 120 194 204 136 84 25 13 0 0 0 0 0 0 0 0 0 0 
0 0 0 0 0 0 32 133 30 130 251 250 174 57 177 60 0 0 0 0 0 0 0 0 0 0 0 0 
0 0 0 0 0 0 0 0 0 0 0 0 0 0 0 0 0 0 0 0 0 0 0 0 0 0 0 0 
