0 0 0 0 0 0 0 0 0 0 0 0 0 0 0 0 0 0 0 0 0 0 0 0 0 0 0 0 
0 0 0 0 0 0 0 0 0 0 0 0 0 0 0 0 0 0 0 0 0 0 0 0 0 0 0 0 
0 0 0 0 0 0 0 0 0 0 0 0 0 0 0 0 0 0 0 0 0 0 0 0 0 0 0 0 
0 0 0 0 0 0 0 0 0 0 0 0 0 0 0 0 0 0 0 0 0 0 0 0 0 0 0 0 
0 0 0 0 0 0 0 0 0 0 0 0 0 0 13 131 6 103 102 217 244 125 17 136 138 0 0 0 
0 0 0 0 0 0 0 0 0 0 0 0 0 111 222 67 23 146 125 186 182 231 58 111 212 0 0 0 
0 0 0 0 0 0 0 0 0 0 75 200 74 201 91 252 141 32 5 109 47 105 116 34 53 0 0 0 
0 0 0 0 0 0 0 0 33 235 208 19 101 27 12 209 218 196 211 24 195 95 117 194 135 0 0 0 
0 0 0 0 0 0 0 57 181 210 124 189 169 56 25 17 63 133 105 26 12 218 208 50 34 0 0 0 
0 0 0 0 0 0 24 78 16 13 129 19 125 132 92 113 155 166 75 124 107 43 43 249 250 0 0 0 
0 0 0 0 0 0 57 127 52 241 162 50 186 100 134 141 219 177 246 220 174 30 231 149 119 0 0 0 
0 0 0 0 0 0 57 153 177 126 164 105 115 245 114 60 135 149 16 101 251 175 206 232 71 0 0 0 
0 0 0 0 0 0 33 123 174 52 4 20 143 71 125 109 37 126 231 8 251 98 79 235 0 0 0 0 
0 0 0 0 0 0 0 107 193 13 105 206 245 31 130 211 182 110 108 196 3 212 171 0 0 0 0 0 
0 0 0 0 0 0 0 11 36 235 73 42 201 199 70 214 176 186 38 71 166 37 18 0 0 0 0 0 
0 0 0 0 0 0 7 6 225 26 235 127 24 149 35 206 189 24 37 233 36 67 0 0 0 0 0 0 
0 0 0 0 0 0 117 135 106 75 204 209 8 148 235 70 119 135 39 161 123 157 1 0 0 0 0 0 
0 0 0 0 0 0 132 177 145 115 203 224 254 92 229 86 102 40 229 233 15 62 34 0 0 0 0 0 
0 0 0 0 0 0 125 94 152 82 72 56 28 234 167 230 201 108 53 166 143 230 21 0 0 0 0 0 
0 0 0 0 0 0 15 60 238 83 98 28 249 222 231 129 225 200 198 249 170 90 34 0 0 0 0 0 
0 0 0 0 24 202 126 39 193 83 81 114 129 122 254 252 219 137 69 5 57 26 20 0 0 0 0 0 
0 0 0 24 67 190 244 80 92 50 39 90 181 205 35 201 78 245 45 244 206 71 0 0 0 0 0 0 
0 0 0 121 18 184 54 58 140 8 70 140 38 249 127 218 1 93 199 0 207 3 0 0 0 0 0 0 
0 0 0 210 150 148 21 214 54 184 255 82 6 52 134 24 112 29 160 174 6 0 0 0 0 0 0 0 
0 0 0 186 5 39 240 249 188 92 180 142 148 208 131 158 201 61 136 44 0 0 0 0 0 0 0 0 
0 0 0 89 62 243 37 239 103 84 254 19 144 55 58 32 101 58 123 0 0 0 0 0 0 0 0 0 
0 0 0 0 227 129 120 72 20 93 78 189 28 183 141 196 167 123 0 0 0 0 0 0 0 0 0 0 
0 0 0 0 0 0 0 0 0 0 0 0 0 0 0 0 0 0 0 0 0 0 0 0 0 0 0 0 
