0 0 0 0 0 0 0 0 0 0 0 0 0 0 0 0 0 0 0 0 0 0 0 0 0 0 0 0 
0 0 0 0 0 0 0 0 0 0 0 0 0 0 0 0 0 0 0 0 0 0 0 0 0 0 0 0 
0 0 0 0 0 0 0 0 0 0 0 0 0 0 0 0 0 0 0 0 0 0 0 0 0 0 0 0 
0 0 0 0 0 0 0 0 0 0 0 0 0 0 0 0 0 0 0 0 0 0 0 0 0 0 0 0 
0 0 0 0 0 0 0 0 0 0 0 0 64 63 126 61 61 254 255 0 0 0 0 0 0 0 0 0 
0 0 0 0 0 0 0 0 0 0 0 64 126 251 182 181 246 251 255 0 0 0 0 0 0 0 0 0 
0 0 0 0 0 0 0 0 0 0 0 254 122 49 109 106 243 123 191 192 128 0 0 0 0 0 0 0 
0 0 0 0 0 0 0 0 0 0 191 187 50 170 98 105 113 57 60 126 255 0 0 0 0 0 0 0 
0 0 0 0 0 0 0 0 0 0 254 119 238 33 99 101 111 242 119 59 127 0 0 0 0 0 0 0 
0 0 0 0 0 0 0 0 0 64 189 54 105 35 224 166 40 172 49 250 254 0 0 0 0 0 0 0 
0 0 0 0 0 0 0 0 0 192 61 245 234 99 162 99 100 101 239 248 254 0 0 0 0 0 0 0 
0 0 0 0 0 0 0 0 0 128 252 244 42 165 163 229 224 230 175 121 127 0 0 0 0 0 0 0 
0 0 0 0 0 0 0 0 64 255 186 177 42 230 41 229 35 230 46 120 187 62 255 64 0 0 0 0 
0 0 0 0 0 0 0 0 192 190 55 175 103 104 169 35 225 33 42 238 54 251 63 128 0 0 0 0 
0 0 0 0 0 0 0 0 128 252 117 41 228 227 34 223 219 222 223 40 176 58 126 128 0 0 0 0 
0 0 0 0 0 0 0 64 255 186 48 101 157 157 91 217 217 151 92 99 240 249 127 128 0 0 0 0 
0 0 0 0 0 0 0 192 62 183 173 96 29 218 154 25 151 216 221 104 51 61 255 64 0 0 0 0 
0 0 0 0 0 0 0 192 189 55 108 166 227 98 160 27 24 27 228 110 59 125 192 0 0 0 0 0 
0 0 0 0 0 0 0 128 254 185 51 48 175 109 37 28 218 223 40 55 251 192 0 0 0 0 0 0 
0 0 0 0 0 0 0 0 191 253 122 122 57 50 168 30 91 160 173 183 254 0 0 0 0 0 0 0 
0 0 0 0 0 0 0 0 64 127 63 191 60 245 41 94 28 98 47 185 127 0 0 0 0 0 0 0 
0 0 0 0 0 0 0 0 0 64 64 192 253 53 233 95 94 166 50 252 63 0 0 0 0 0 0 0 
0 0 0 0 0 0 0 0 0 0 0 0 125 53 169 224 161 233 183 188 128 0 0 0 0 0 0 0 
0 0 0 0 0 0 0 0 0 0 0 64 61 181 105 162 99 175 120 255 128 0 0 0 0 0 0 0 
0 0 0 0 0 0 0 0 0 0 0 64 189 118 44 103 171 180 125 191 0 0 0 0 0 0 0 0 
0 0 0 0 0 0 0 0 0 0 0 192 190 185 115 177 180 252 253 0 0 0 0 0 0 0 0 0 
0 0 0 0 0 0 0 0 0 0 0 64 191 253 122 58 253 189 0 0 0 0 0 0 0 0 0 0 
0 0 0 0 0 0 0 0 0 0 0 0 0 0 0 0 0 0 0 0 0 0 0 0 0 0 0 0 
