0 0 0 0 0 0 0 0 0 0 0 0 0 0 0 0 0 0 0 0 0 0 0 0 0 0 0 0 
0 0 0 0 0 0 0 0 0 0 0 0 0 0 0 0 0 0 0 0 0 0 0 0 0 0 0 0 
0 0 0 0 0 0 0 0 0 0 0 0 0 0 0 0 0 0 0 0 0 0 0 0 0 0 0 0 
0 0 0 0 0 0 0 0 0 0 21 164 154 17 83 233 12 79 156 114 120 159 26 0 0 0 0 0 
0 0 0 0 0 0 0 0 0 45 157 75 226 46 108 32 240 134 11 106 13 240 82 96 6 0 0 0 
0 0 0 0 0 0 0 0 90 28 11 5 65 241 206 3 215 112 235 226 7 112 92 35 21 0 0 0 
0 0 0 0 0 0 0 97 125 242 50 67 140 168 107 134 194 112 244 227 164 51 158 77 190 0 0 0 
0 0 0 0 0 0 31 69 217 197 60 89 53 145 50 87 111 201 33 242 107 85 188 76 31 22 0 0 
0 0 0 0 0 0 58 117 7 155 139 174 208 84 166 55 175 242 5 238 201 46 66 2 89 99 0 0 
0 0 0 0 0 79 22 51 207 211 222 75 35 228 189 141 133 153 10 24 92 130 111 82 72 74 0 0 
0 0 0 0 0 226 39 75 231 78 64 87 10 174 77 2 0 113 147 1 62 129 8 234 94 99 0 0 
0 0 0 0 0 52 157 211 6 138 245 232 231 96 50 145 2 210 42 66 177 18 8 237 210 52 0 0 
0 0 0 0 0 229 193 42 21 226 175 137 90 134 142 132 35 146 179 85 35 179 37 247 5 0 0 0 
0 0 0 0 0 82 251 53 237 190 93 132 247 213 166 9 48 147 45 113 169 30 106 117 21 0 0 0 
0 0 0 0 0 0 109 58 204 155 81 163 186 224 85 249 77 200 77 183 22 91 119 97 18 0 0 0 
0 0 0 0 0 0 41 62 77 163 160 13 124 88 45 219 202 43 133 145 122 151 249 168 113 0 0 0 
0 0 0 0 0 0 9 255 136 214 97 175 16 107 107 213 193 151 190 70 149 196 119 15 6 9 0 0 
0 0 0 0 0 0 194 134 98 96 9 70 9 144 239 150 204 208 131 54 88 225 143 189 235 99 0 0 
0 0 0 0 0 0 3 32 92 100 113 47 33 100 78 27 95 26 186 112 18 43 45 230 118 108 0 0 
0 0 0 0 0 79 163 24 88 170 141 52 188 82 45 0 230 13 121 69 250 165 37 170 248 108 0 0 
0 0 0 0 0 175 149 228 49 103 12 81 79 201 119 126 8 32 66 210 249 117 142 64 242 99 0 0 
0 0 0 0 0 175 87 148 44 71 250 117 196 8 194 29 218 238 171 98 23 180 171 34 132 9 0 0 
0 0 0 0 0 96 29 67 5 242 22 198 18 102 231 119 8 179 122 248 56 172 180 225 39 0 0 0 
0 0 0 0 0 0 213 213 30 210 211 228 168 224 246 192 183 58 1 23 167 106 185 140 6 0 0 0 
0 0 0 0 0 0 131 224 236 56 202 159 19 27 120 127 16 219 115 238 198 63 225 12 0 0 0 0 
0 0 0 0 0 0 3 236 37 208 198 178 72 217 218 177 7 165 77 95 155 141 6 0 0 0 0 0 
0 0 0 0 0 0 0 3 105 183 101 176 248 248 249 248 206 81 235 85 26 0 0 0 0 0 0 0 
0 0 0 0 0 0 0 0 0 0 0 0 0 0 0 0 0 0 0 0 0 0 0 0 0 0 0 0 
