0 0 0 0 0 0 0 0 0 0 0 0 0 0 0 0 0 0 0 0 0 0 0 0 0 0 0 0 
0 0 0 0 0 0 0 0 0 0 0 0 0 0 0 0 0 0 0 0 0 0 0 0 0 0 0 0 
0 0 0 0 0 0 0 0 0 0 0 0 0 0 0 0 0 0 0 0 0 0 0 0 0 0 0 0 
0 0 0 0 0 0 0 0 0 0 0 0 0 0 0 0 0 0 0 0 0 0 0 0 0 0 0 0 
0 0 0 0 0 0 0 0 0 0 0 0 0 0 0 0 0 0 0 0 0 0 0 0 0 0 0 0 
0 0 0 0 0 0 0 0 0 0 0 0 0 0 0 0 0 0 0 0 0 0 0 0 0 0 0 0 
0 0 0 0 0 0 0 0 0 0 0 0 0 123 111 233 90 174 44 137 65 73 0 0 0 0 0 0 
0 0 0 0 0 0 0 0 0 0 0 21 95 224 129 17 70 55 43 224 54 42 51 0 0 0 0 0 
0 0 0 0 0 0 0 0 0 0 44 224 102 139 153 252 62 182 208 56 28 102 134 98 49 49 0 0 
0 0 0 0 0 0 0 0 0 35 237 236 23 135 76 207 97 71 133 185 34 5 166 71 237 90 0 0 
0 0 0 0 0 0 0 0 12 59 48 15 114 134 136 154 132 63 191 163 140 87 255 183 104 139 0 0 
0 0 0 0 0 0 0 0 74 21 207 16 68 69 44 10 25 98 52 49 29 36 27 62 167 145 0 0 
0 0 0 0 0 0 0 0 233 156 160 173 233 10 206 181 77 155 56 91 19 226 223 152 89 90 0 0 
0 0 0 0 0 0 0 13 197 60 249 130 12 189 108 2 45 61 244 107 140 107 187 31 13 144 0 0 
0 0 0 0 0 0 0 13 236 52 73 154 146 69 153 21 99 125 165 193 219 72 210 25 211 90 0 0 
0 0 0 0 0 0 0 13 66 190 3 175 184 31 74 166 238 140 180 233 41 25 189 150 88 163 0 0 
0 0 0 0 0 0 0 0 103 76 23 194 16 83 29 168 156 83 126 206 171 0 154 160 144 90 0 0 
0 0 0 0 0 0 0 0 2 111 134 128 221 155 216 85 154 54 207 184 202 145 70 203 180 74 0 0 
0 0 0 0 0 0 0 0 0 2 21 243 107 31 73 6 153 161 26 168 74 164 40 90 148 0 0 0 
0 0 0 0 0 0 0 0 0 0 37 109 73 225 225 171 70 252 221 26 0 74 0 74 0 0 0 0 
0 0 0 0 0 0 0 0 0 3 103 211 102 94 42 236 236 82 132 0 0 0 0 0 0 0 0 0 
0 0 0 0 0 0 0 0 0 163 0 153 249 47 21 22 171 99 0 0 0 51 51 102 51 51 0 0 
0 0 0 0 0 0 0 0 46 110 109 111 49 145 205 255 178 20 0 0 51 192 38 77 243 90 0 0 
0 0 0 0 0 0 0 6 7 116 189 33 163 168 49 24 178 2 0 0 141 158 82 175 95 132 0 0 
0 0 0 0 0 0 0 52 218 108 164 168 25 0 179 24 20 0 0 0 222 227 30 181 89 90 0 0 
0 0 0 0 0 0 0 213 73 81 102 24 77 113 120 95 0 0 0 0 171 128 91 200 180 81 0 0 
0 0 0 0 0 0 0 207 233 120 242 192 255 10 54 0 0 0 0 0 81 171 68 90 162 0 0 0 
0 0 0 0 0 0 0 0 0 0 0 0 0 0 0 0 0 0 0 0 0 0 0 0 0 0 0 0 
